2.5762972831726074
0.3453187942504883
0.23505306243896484
0.6198797225952148
0.242048978805542
0.19650554656982422
0.4099695682525635
0.8384571075439453
0.8052864074707031
0.9547202587127686
0.7622630596160889
0.8169083595275879
0.9356863498687744
1.1181268692016602
0.9018266201019287
0.16018033027648926
0.7503530979156494
0.9840652942657471
0.7403709888458252
1.107557773590088
0.7394027709960938
0.15337085723876953
0.7071022987365723
0.7725520133972168
0.9818739891052246
0.8977255821228027
0.1562814712524414
0.9279603958129883
0.7603933811187744
0.9270310401916504
0.9628524780273438
1.3031494617462158
1.1742761135101318
0.3190476894378662
0.7245805263519287
1.074094533920288
1.0024855136871338
1.0569157600402832
1.3217318058013916
0.7637732028961182
0.2971019744873047
0.8458964824676514
0.9403715133666992
0.23327946662902832
0.7865164279937744
1.0866641998291016
0.8334076404571533
0.82784104347229
0.9002623558044434
1.0165884494781494
0.9364645481109619
0.5487124919891357
1.1306824684143066
0.8598711490631104
0.771521806716919
0.6886436939239502
0.8631763458251953
1.1368703842163086
0.805098295211792
0.1687610149383545
0.5423543453216553
0.7714974880218506
0.8570683002471924
1.0100016593933105
1.0101032257080078
0.9360041618347168
0.9048886299133301
0.7474794387817383
0.670607328414917
0.971637487411499
0.910353422164917
0.812164306640625
0.7669463157653809
0.7948369979858398
0.6839418411254883
0.8656215667724609
1.0640721321105957
1.1205480098724365
1.0702953338623047
0.9680459499359131
0.980043888092041
1.0463838577270508
1.0730459690093994
0.7846667766571045
0.9158074855804443
0.8682513236999512
0.7747852802276611
0.8983719348907471
1.0174193382263184
0.902064323425293
0.2497255802154541
0.6146490573883057
1.2309739589691162
1.1554327011108398
0.17914128303527832
0.6707146167755127
0.8165619373321533
0.90289306640625
1.234435796737671
0.9601099491119385
0.15757274627685547
0.3113377094268799
1.014082670211792
1.188589096069336
1.179959774017334
0.16168713569641113
1.0308032035827637
0.32526111602783203
0.5636992454528809
0.15399551391601562
0.7841300964355469
0.7750415802001953
0.9265050888061523
0.9760129451751709
0.8327252864837646
1.3159759044647217
1.1992967128753662
0.2051246166229248
0.7499985694885254
1.0309984683990479
0.8765912055969238
1.0201725959777832
0.8567216396331787
0.8830075263977051
1.2786641120910645
1.0018975734710693
0.24241375923156738
0.9445934295654297
0.9398934841156006
0.2881624698638916
0.48178553581237793
1.1262402534484863
0.9941184520721436
0.766930341720581
0.9724621772766113
1.0137436389923096
0.9247405529022217
0.9371747970581055
0.9712934494018555
0.8230338096618652
1.0739693641662598
1.0222892761230469
1.1293323040008545
0.8564167022705078
0.18108367919921875
0.6840345859527588
0.8661623001098633
1.0262539386749268
0.8989009857177734
0.8604040145874023
0.7546565532684326
0.4907538890838623
0.7175228595733643
0.8138766288757324
1.0799686908721924
1.3214178085327148
0.8552262783050537
0.20819759368896484
0.6095490455627441
0.9864370822906494
1.037595510482788
0.9083266258239746
0.8689408302307129
1.0902893543243408
0.8112208843231201
0.9124500751495361
0.9372813701629639
1.0641059875488281
1.1884238719940186
0.8645431995391846
0.7555727958679199
0.7471072673797607
0.8871738910675049
1.2453136444091797
1.0916574001312256
0.1870572566986084
0.6850442886352539
1.1649341583251953
0.9728903770446777
0.17828011512756348
0.7037405967712402
1.0511901378631592
0.8650567531585693
0.14229297637939453
0.7814109325408936
0.7558774948120117
0.7738387584686279
1.0506129264831543
0.812138557434082
1.0403766632080078
0.9117081165313721
0.8842635154724121
0.9554133415222168
1.1201889514923096
1.243880033493042
0.15357470512390137
0.9514107704162598
0.3529341220855713
0.5783648490905762
0.1508183479309082
0.889955997467041
0.7084064483642578
1.1027820110321045
1.0099632740020752
0.8357586860656738
0.7025330066680908
0.8901147842407227
0.9234702587127686
1.0319838523864746
1.0570399761199951
0.9746429920196533
0.9465041160583496
1.0359430313110352
0.896721363067627
1.098769187927246
0.9296801090240479
0.1508488655090332
0.7639038562774658
0.7621252536773682
0.8813586235046387
0.7722115516662598
0.7756083011627197
0.956066370010376
1.04984450340271
0.845386266708374
0.17772698402404785
0.978344202041626
1.057971477508545
0.20543217658996582
0.8532488346099854
0.9265408515930176
1.1900436878204346
0.8416707515716553
0.179887056350708
0.6967148780822754
0.8897953033447266
0.9758551120758057
1.3328275680541992
0.81036376953125
0.20025181770324707
0.6835353374481201
0.8072426319122314
0.9180338382720947
1.2640154361724854
0.828122615814209
0.2061309814453125
0.8812365531921387
0.8647551536560059
0.16112637519836426
0.6971063613891602
1.1323707103729248
0.5613963603973389
0.1417849063873291
0.7073631286621094
1.0772626399993896
0.8248569965362549
1.0865154266357422
0.9784574508666992
1.0704677104949951
0.9166367053985596
0.8994643688201904
0.8531725406646729
1.044203519821167
0.896599531173706
0.9481163024902344
0.736008882522583
0.7470912933349609
1.0401270389556885
0.9393818378448486
0.9608912467956543
0.7817718982696533
1.2244973182678223
0.8418269157409668
0.29178452491760254
0.4223794937133789
0.9042420387268066
1.0231187343597412
0.8315558433532715
1.0275189876556396
1.1608211994171143
1.1044728755950928
0.16193556785583496
0.613872766494751
1.0891375541687012
0.9923326969146729
0.8787076473236084
0.8270776271820068
0.8023056983947754
1.2199478149414062
1.0832931995391846
0.23093032836914062
0.8830592632293701
0.8485400676727295
0.8655116558074951
1.1087162494659424
1.0776073932647705
0.16441822052001953
0.7399647235870361
1.121112585067749
0.8780553340911865
0.8330671787261963
1.018195629119873
0.8247969150543213
0.21919465065002441
0.8517599105834961
0.9356441497802734
0.14544677734375
0.9392836093902588
0.9215836524963379
1.3182175159454346
0.8531630039215088
0.25182318687438965
0.7224287986755371
0.8259086608886719
1.1097877025604248
0.9581952095031738
0.15638494491577148
0.8182628154754639
0.903512716293335
0.7711405754089355
0.9057877063751221
0.7225563526153564
0.8016111850738525
1.0200018882751465
1.1686782836914062
1.321532964706421
0.167069673538208
0.7958738803863525
0.18861150741577148
0.8386058807373047
0.748323917388916
0.9193127155303955
0.8980309963226318
1.0973200798034668
0.921550989151001
0.17195749282836914
0.6074154376983643
0.872905969619751
0.767179012298584
0.9828884601593018
1.1761431694030762
0.883915901184082
0.2213270664215088
0.9847030639648438
1.050039529800415
0.18572282791137695
0.7014565467834473
0.815687894821167
0.9335000514984131
0.9112870693206787
0.8784229755401611
0.8750424385070801
1.1114859580993652
0.18121910095214844
1.078199863433838
1.167328119277954
0.21555042266845703
1.0277483463287354
0.9039056301116943
0.18060588836669922
0.6393120288848877
0.9113194942474365
0.9810779094696045
0.9106745719909668
1.1653225421905518
1.4318599700927734
0.15519356727600098
0.832249641418457
0.22776579856872559
0.8054287433624268
1.2641441822052002
0.28363823890686035
0.9060814380645752
0.17872047424316406
0.7057771682739258
1.194711446762085
1.0499975681304932
0.8435442447662354
0.16980338096618652
0.6870198249816895
0.8898274898529053
1.2094933986663818
1.1570632457733154
1.0189802646636963
0.900029182434082
0.8357634544372559
1.0672173500061035
0.9718565940856934
1.011932134628296
0.8391842842102051
0.9382576942443848
0.8215446472167969
0.9842760562896729
1.3720455169677734
1.183051347732544
0.23039007186889648
0.6162986755371094
0.1376359462738037
1.0607588291168213
1.0441901683807373
0.16362595558166504
0.5674409866333008
1.2306361198425293
1.1043341159820557
0.17341852188110352
0.727973461151123
1.1827633380889893
1.0017650127410889
0.19608283042907715
0.7571635246276855
0.9571247100830078
1.1486506462097168
0.884526252746582
0.9645466804504395
1.1398396492004395
0.8184471130371094
0.7685902118682861
0.9451279640197754
1.007394790649414
0.9737927913665771
0.917839527130127
0.8255095481872559
1.4524619579315186
1.2229173183441162
0.22032594680786133
1.077754259109497
0.1513957977294922
0.8269481658935547
0.1738419532775879
0.8710196018218994
0.9918429851531982
0.9784021377563477
0.9032959938049316
0.8975462913513184
1.0630831718444824
0.9454498291015625
1.0971794128417969
0.9159595966339111
0.8478693962097168
1.0998806953430176
0.8833775520324707
1.1426811218261719
0.8601512908935547
1.1633574962615967
1.1060683727264404
0.12619590759277344
1.042037010192871
0.12454605102539062
0.8222501277923584
0.16785168647766113
0.6617739200592041
0.8052151203155518
1.0151820182800293
0.16847991943359375
0.9919159412384033
1.0007641315460205
1.2184040546417236
1.0430386066436768
0.19503450393676758
0.6413240432739258
0.7656655311584473
1.24092698097229
1.2017674446105957
0.17382287979125977
0.6658890247344971
0.14376235008239746
0.6331892013549805
0.8325331211090088
1.0591795444488525
0.9302849769592285
1.2053170204162598
0.8870878219604492
0.20298361778259277
0.5545370578765869
0.7708110809326172
0.7663712501525879
0.8360514640808105
0.8429856300354004
0.9355111122131348
1.1157865524291992
1.2246780395507812
1.0000407695770264
0.22054505348205566
0.6209714412689209
0.910369873046875
0.8006319999694824
0.8353180885314941
0.9122166633605957
0.9389617443084717
1.1783485412597656
1.1508219242095947
0.16099762916564941
0.99861741065979
0.8656864166259766
0.17225265502929688
0.7292790412902832
0.727863073348999
1.057387351989746
0.8224072456359863
0.9155459403991699
0.8224725723266602
0.5674867630004883
1.1318111419677734
1.0512619018554688
0.9133121967315674
0.8992412090301514
1.3655815124511719
0.9286143779754639
0.24029755592346191
0.872316837310791
1.322113275527954
0.9001669883728027
0.18618345260620117
0.5999372005462646
0.9299533367156982
1.0374186038970947
1.1173510551452637
1.0020999908447266
0.1614375114440918
0.6516213417053223
0.957406759262085
0.8458948135375977
0.9744799137115479
1.062981128692627
0.7903597354888916
1.0808944702148438
0.9088134765625
1.103022575378418
0.8060977458953857
1.0726079940795898
1.118640661239624
0.8910188674926758
1.0852513313293457
1.1662542819976807
0.1632218360900879
0.8847494125366211
0.8443310260772705
1.0724413394927979
0.9638676643371582
1.1287848949432373
0.9156944751739502
0.9201922416687012
0.9847712516784668
1.1630122661590576
0.9364166259765625
0.16793251037597656
0.7829561233520508
0.7856020927429199
1.076439619064331
1.1383941173553467
0.9570162296295166
0.5323646068572998
0.21635961532592773
0.8458702564239502
1.3130486011505127
0.8500528335571289
0.19709491729736328
0.7065951824188232
0.8312585353851318
0.8415956497192383
0.7599399089813232
1.0133225917816162
0.8580102920532227
0.7758681774139404
0.9667418003082275
0.9230127334594727
0.9055616855621338
0.8875360488891602
0.8467493057250977
0.8891220092773438
0.9088835716247559
0.8755853176116943
0.7764801979064941
0.7206223011016846
0.9994163513183594
0.9900686740875244
0.8806366920471191
0.7769148349761963
1.1332058906555176
1.1221826076507568
1.1190967559814453
0.8674108982086182
0.15517234802246094
0.9177179336547852
0.8338465690612793
1.2515137195587158
0.8486266136169434
0.22134089469909668
0.9565398693084717
1.00095534324646
0.25524306297302246
0.8350610733032227
0.8664922714233398
0.9075672626495361
0.7924449443817139
0.9214847087860107
0.9821610450744629
0.7822151184082031
0.8467774391174316
1.0834193229675293
0.8912713527679443
0.16974186897277832
0.5027461051940918
0.8046572208404541
0.9078381061553955
0.8757505416870117
1.194542407989502
0.851477861404419
0.18674206733703613
0.6601569652557373
0.964857816696167
1.0834321975708008
0.9216716289520264
0.9278905391693115
0.8640127182006836
0.8995270729064941
1.146317958831787
1.1387979984283447
0.1534428596496582
0.8296573162078857
1.1788508892059326
0.8364720344543457
0.16895103454589844
0.7492594718933105
0.8824522495269775
0.8198480606079102
0.8199877738952637
0.9225265979766846
0.8925220966339111
1.2296068668365479
0.8495588302612305
0.19484424591064453
0.7099862098693848
1.1320254802703857
1.1654880046844482
1.1207904815673828
0.17445778846740723
1.137509822845459
0.15664982795715332
0.7654578685760498
0.20952773094177246
0.5466506481170654
0.9008843898773193
0.8545520305633545
1.0801656246185303
0.9759681224822998
0.799830436706543
1.0029942989349365
1.0285968780517578
0.6925656795501709
1.0267479419708252
0.9296402931213379
0.1592698097229004
0.7098679542541504
0.9945402145385742
1.1149075031280518
0.8921718597412109
0.15994882583618164
0.7939169406890869
0.8693554401397705
0.8083224296569824
0.8978729248046875
0.9122014045715332
0.9765303134918213
1.0402021408081055
0.9700791835784912
1.038290023803711
0.884716272354126
0.9780666828155518
1.2031242847442627
1.0344016551971436
0.16963672637939453
0.742924690246582
0.8777997493743896
1.097468376159668
0.94870924949646
0.15279769897460938
0.7377321720123291
0.9045672416687012
0.7098240852355957
0.8407037258148193
0.9306585788726807
0.7297258377075195
0.7306375503540039
0.7705247402191162
0.8822894096374512
0.9927554130554199
1.2233448028564453
0.9577343463897705
0.24472641944885254
0.6554474830627441
0.9329354763031006
0.9182114601135254
1.1825447082519531
0.8499109745025635
0.12926697731018066
0.7565784454345703
1.0593876838684082
0.8214378356933594
0.7909417152404785
0.7307438850402832
0.7617735862731934
0.8754444122314453
0.8544678688049316
0.9042775630950928
0.8150091171264648
0.7068994045257568
0.9968023300170898
0.8789892196655273
1.1214280128479004
1.0337879657745361
0.16495990753173828
0.7192273139953613
0.8429715633392334
1.0167276859283447
0.858811616897583
0.8467569351196289
0.8635895252227783
0.9078733921051025
0.9320752620697021
0.8920135498046875
0.9130518436431885
0.9367361068725586
1.0639386177062988
1.00101900100708
0.9054014682769775
1.0658209323883057
0.8018503189086914
1.0079469680786133
1.015427827835083
1.049070119857788
0.7721543312072754
1.040013074874878
0.814333438873291
0.8260259628295898
0.8978977203369141
0.8971688747406006
0.8545739650726318
0.8578591346740723
0.7763867378234863
0.881960391998291
1.0535333156585693
0.7877929210662842
0.8972189426422119
1.0840482711791992
1.0103285312652588
1.124427080154419
0.8393843173980713
0.7731854915618896
0.8743994235992432
0.7349669933319092
0.5803759098052979
1.0087697505950928
0.8793768882751465
0.9627468585968018
1.056575059890747
0.7652328014373779
0.9164190292358398
1.102851390838623
0.9174447059631348
0.826988697052002
1.0440549850463867
0.9234333038330078
1.1586685180664062
0.8434865474700928
0.9807453155517578
1.2953405380249023
1.101905107498169
0.2387237548828125
0.8385059833526611
0.15802550315856934
0.8261992931365967
1.0749428272247314
0.9429764747619629
0.8238871097564697
0.773719072341919
1.0950310230255127
0.8963744640350342
1.0544734001159668
0.9042937755584717
0.8569834232330322
0.9152035713195801
0.8044369220733643
0.7581820487976074
0.740666389465332
1.1065888404846191
0.8130667209625244
0.7750096321105957
1.1427135467529297
1.112584114074707
0.15847444534301758
0.6606948375701904
0.863257646560669
1.2645182609558105
0.8240134716033936
0.2230849266052246
0.7875361442565918
1.0941786766052246
0.8235824108123779
0.8720822334289551
0.745265007019043
0.7524800300598145
0.9944427013397217
0.923121452331543
1.0188205242156982
0.8012149333953857
1.0714688301086426
0.889592170715332
1.1384103298187256
1.103370189666748
0.15804719924926758
1.14552903175354
0.9336907863616943
0.20691275596618652
0.7557101249694824
0.9189317226409912
1.0682306289672852
0.8325905799865723
0.7999517917633057
1.17539381980896
0.8627593517303467
0.19063591957092285
0.4586606025695801
1.0206964015960693
0.9579524993896484
1.1165130138397217
0.9378414154052734
0.11979842185974121
0.6588025093078613
0.7756555080413818
1.0196387767791748
1.150991439819336
0.8379199504852295
0.19841647148132324
0.5457034111022949
1.0195403099060059
0.8049407005310059
1.045755386352539
0.8670320510864258
1.3907694816589355
0.8319239616394043
0.21221280097961426
0.5533406734466553
0.8402383327484131
1.0841968059539795
0.8732442855834961
0.7918274402618408
0.9181411266326904
0.9537968635559082
1.0355074405670166
0.8918960094451904
0.639279842376709
0.8950550556182861
1.1101491451263428
0.8143703937530518
0.8406989574432373
0.8713359832763672
1.0286526679992676
1.0223650932312012
0.7271826267242432
1.0406756401062012
1.0516464710235596
1.0694682598114014
0.9436609745025635
0.9028184413909912
1.132707118988037
0.9475319385528564
0.8747787475585938
0.9918272495269775
0.803504228591919
0.9536247253417969
0.9662415981292725
1.2645843029022217
0.8763649463653564
0.18457579612731934
0.9150304794311523
0.822584867477417
0.9340064525604248
0.9808971881866455
0.15127801895141602
0.6560149192810059
1.0089025497436523
0.9178273677825928
1.1770589351654053
0.8815979957580566
0.16520071029663086
0.9355437755584717
1.149306058883667
0.8879504203796387
0.7664361000061035
0.765397310256958
1.0961215496063232
0.8123292922973633
0.15532135963439941
0.7878949642181396
0.8995769023895264
1.1438672542572021
1.0719749927520752
0.15695786476135254
0.6806285381317139
0.9177448749542236
0.6100013256072998
0.9244940280914307
0.9821107387542725
1.038642406463623
1.1122944355010986
1.070342779159546
1.0672028064727783
0.9872746467590332
0.8510477542877197
1.0803627967834473
0.8059804439544678
0.7736167907714844
0.7164802551269531
0.770148515701294
0.8041999340057373
0.8710885047912598
0.9230561256408691
0.9086949825286865
0.946244478225708
0.7791147232055664
1.0567755699157715
1.1069660186767578
0.8738038539886475
0.1326429843902588
0.7741231918334961
1.1848022937774658
1.0870232582092285
0.17141246795654297
0.8435177803039551
1.205491065979004
0.8595848083496094
0.18053221702575684
0.8148837089538574
1.0564656257629395
0.9194917678833008
0.9923853874206543
0.7741034030914307
0.7649571895599365
1.1765284538269043
0.8460550308227539
0.1604914665222168
0.6808888912200928
1.067173719406128
0.9139358997344971
0.9080765247344971
0.9587850570678711
0.878201961517334
0.7842578887939453
1.053398847579956
0.8463318347930908
0.4892120361328125
0.7730722427368164
0.9259638786315918
1.1153616905212402
0.8320097923278809
0.17231988906860352
0.813607931137085
0.8426740169525146
0.8696472644805908
1.23930025100708
1.0011074542999268
0.18393158912658691
0.8554754257202148
0.8056104183197021
0.780707836151123
0.7542531490325928
1.0820033550262451
1.1092689037322998
0.7806296348571777
0.8334167003631592
0.8592281341552734
0.9833753108978271
0.8642392158508301
0.8386936187744141
0.9092156887054443
0.9204139709472656
1.0270655155181885
1.1028382778167725
0.9540114402770996
0.9884192943572998
0.8498079776763916
1.0816895961761475
0.8147270679473877
0.8178303241729736
1.0107765197753906
1.109379768371582
0.8900551795959473
0.9863243103027344
0.9550566673278809
1.2463476657867432
0.9599905014038086
0.17847347259521484
0.5816495418548584
1.1157021522521973
0.9949514865875244
0.15240907669067383
1.0658621788024902
1.0693917274475098
0.18694114685058594
0.9105484485626221
0.861431360244751
1.0171074867248535
0.219771146774292
0.5475587844848633
0.7710976600646973
0.8000087738037109
1.0895745754241943
0.8718299865722656
0.759624719619751
0.8685622215270996
0.9067842960357666
0.8207738399505615
1.05955171585083
0.7975873947143555
1.0672106742858887
0.9346873760223389
0.8210494518280029
1.315173864364624
1.151651382446289
0.21904373168945312
1.056854248046875
0.15355730056762695
0.9394643306732178
0.2066497802734375
0.6219747066497803
1.0738160610198975
0.862776517868042
0.9828331470489502
0.9068176746368408
0.9792499542236328
0.8196203708648682
0.7979402542114258
0.9112803936004639
0.9147424697875977
1.275991439819336
0.8487882614135742
0.2285161018371582
0.7508981227874756
0.7867460250854492
0.8708741664886475
1.1571598052978516
1.2405874729156494
0.8138160705566406
0.19219088554382324
0.6657137870788574
0.7997426986694336
0.8812651634216309
0.9805700778961182
0.899256706237793
1.131009578704834
0.5717465877532959
0.12530183792114258
1.0600812435150146
0.8631634712219238
0.9815266132354736
0.8463270664215088
0.9089951515197754
0.9296116828918457
0.9583017826080322
0.7744636535644531
1.1586980819702148
1.0969319343566895
0.1752762794494629
0.9421589374542236
0.8169026374816895
0.12181615829467773
0.7878494262695312
0.9291689395904541
0.7746827602386475
0.9563007354736328
0.9211757183074951
0.7730543613433838
1.06856107711792
1.010582685470581
1.126091480255127
1.126807451248169
0.8310263156890869
0.9401516914367676
1.2411248683929443
0.9769811630249023
0.18471527099609375
0.8598577976226807
0.7830724716186523
1.0556237697601318
0.9027657508850098
1.0080418586730957
0.9429018497467041
0.7711062431335449
0.9903247356414795
1.0266773700714111
1.222381353378296
0.9684209823608398
0.17362332344055176
0.8524937629699707
1.0607619285583496
1.2972917556762695
0.8091108798980713
0.17731928825378418
0.9073312282562256
1.310354471206665
0.8046472072601318
0.19550514221191406
0.631577730178833
0.15993189811706543
0.6601252555847168
0.9717488288879395
1.042367935180664
0.837885856628418
0.791595458984375
1.0767998695373535
0.9434375762939453
1.1579699516296387
1.0616967678070068
0.1626605987548828
0.7154080867767334
0.14585232734680176
0.7018744945526123
0.974492073059082
1.2212865352630615
1.09132719039917
0.17028021812438965
1.1429259777069092
0.9380443096160889
0.23391008377075195
1.0149798393249512
1.0262668132781982
0.18233466148376465
0.8064193725585938
0.837756872177124
1.268928050994873
0.8827643394470215
0.16762232780456543
0.7226433753967285
0.8226265907287598
1.0378918647766113
1.0705649852752686
0.9320905208587646
0.8531391620635986
1.1655588150024414
0.9075300693511963
0.15602755546569824
0.6337835788726807
1.0256104469299316
1.128962516784668
0.8723280429840088
0.8774259090423584
0.8653135299682617
0.7852513790130615
0.7544689178466797
0.9273402690887451
0.6295030117034912
1.1973915100097656
0.8245201110839844
0.17820310592651367
0.6956720352172852
0.9055168628692627
1.058478832244873
1.1748385429382324
1.1496448516845703
1.0059151649475098
0.1594374179840088
0.8427639007568359
0.9338986873626709
0.9479885101318359
0.8076128959655762
1.04660964012146
0.7733125686645508
0.9086802005767822
0.9813625812530518
0.8395154476165771
0.7471113204956055
1.1060338020324707
0.8731403350830078
1.0897619724273682
1.0980634689331055
0.1523599624633789
0.7681994438171387
0.17108845710754395
0.7293746471405029
1.1080241203308105
0.9963979721069336
1.2023143768310547
1.3462433815002441
0.1755514144897461
0.8121907711029053
0.24083542823791504
0.6536750793457031
0.7991313934326172
0.9004573822021484
0.8466587066650391
0.8678576946258545
0.8519361019134521
0.9334330558776855
0.8000028133392334
0.8114266395568848
0.9615628719329834
0.8090198040008545
0.7799239158630371
0.9206945896148682
0.9360027313232422
0.6249561309814453
1.1564228534698486
0.9799683094024658
0.9096641540527344
0.9230031967163086
0.8161835670471191
0.756981611251831
0.8387541770935059
1.1222515106201172
0.9483547210693359
0.9250009059906006
1.0955994129180908
1.3496150970458984
0.8715260028839111
0.22725129127502441
0.6829445362091064
1.0958442687988281
0.8831427097320557
1.1253163814544678
1.046949863433838
1.0854225158691406
0.8883099555969238
1.1247785091400146
0.967717170715332
0.8412344455718994
0.8413279056549072
0.8235173225402832
1.1891264915466309
0.9873487949371338
0.16752099990844727
1.0598454475402832
1.0215208530426025
0.15825963020324707
0.8509445190429688
0.16134309768676758
1.1683878898620605
0.9225516319274902
0.23948025703430176
0.6110780239105225
0.7554140090942383
0.7941195964813232
0.9711694717407227
1.0102729797363281
0.8900291919708252
0.8036470413208008
1.080047369003296
0.8742313385009766
0.9178457260131836
1.144329309463501
0.9038081169128418
0.6309428215026855
1.0811717510223389
1.1066539287567139
0.878077507019043
0.1585071086883545
0.8127224445343018
1.0475914478302002
0.853672981262207
0.9585239887237549
0.8790149688720703
1.1133193969726562
1.1396868228912354
0.14678192138671875
0.701977014541626
0.7752392292022705
0.8172249794006348
1.0778768062591553
0.8681514263153076
1.0125665664672852
0.9058916568756104
0.771700382232666
0.9482638835906982
1.0117213726043701
1.1922452449798584
1.0078990459442139
0.16451191902160645
0.7911484241485596
0.8868496417999268
0.8543150424957275
1.222710132598877
1.0746967792510986
0.18001747131347656
0.7007620334625244
0.8505129814147949
1.3337578773498535
0.8319931030273438
0.18937349319458008
0.8441135883331299
0.8683884143829346
1.2850375175476074
0.9999663829803467
0.23422932624816895
0.6304361820220947
1.1416947841644287
1.011070966720581
0.17842340469360352
1.0109443664550781
0.8431551456451416
0.1634840965270996
0.9651134014129639
0.6762745380401611
0.8366823196411133
0.8907921314239502
0.8701932430267334
1.05488920211792
1.1513032913208008
0.8712592124938965
0.15840744972229004
0.819096565246582
0.800006628036499
1.3084971904754639
1.3031797409057617
0.22496581077575684
0.7696561813354492
0.21345162391662598
0.5946242809295654
1.0666375160217285
1.1097180843353271
0.8022177219390869
0.8339152336120605
1.0286107063293457
0.9443573951721191
1.094895601272583
0.9248459339141846
1.09663724899292
0.8357193470001221
0.8566558361053467
0.9268906116485596
0.9266908168792725
0.8606626987457275
0.9091997146606445
1.1037518978118896
1.0237720012664795
1.04547119140625
0.8029191493988037
0.8758857250213623
0.8223321437835693
1.1838483810424805
0.9120664596557617
0.1746826171875
0.7363371849060059
1.0450005531311035
0.8394479751586914
0.14844965934753418
0.8628201484680176
0.8112690448760986
1.1231536865234375
1.0888710021972656
0.15448546409606934
0.6963472366333008
0.7308845520019531
0.9874846935272217
0.15917420387268066
0.962235689163208
1.2029733657836914
1.0643582344055176
0.18630290031433105
0.8780808448791504
0.8536975383758545
0.8899955749511719
0.853966474533081
1.0877091884613037
0.9131321907043457
1.1193461418151855
1.0460131168365479
0.1489572525024414
0.6748733520507812
0.13465476036071777
0.5743615627288818
1.1658565998077393
1.0992100238800049
0.17705965042114258
0.69248366355896
0.928438663482666
1.0282790660858154
0.9383800029754639
0.940800666809082
0.9985790252685547
0.9605526924133301
0.9654479026794434
1.150238275527954
0.8244531154632568
0.12370419502258301
0.8472895622253418
0.7758603096008301
0.8704755306243896
1.056260108947754
0.9281210899353027
0.9270548820495605
0.7488796710968018
0.9258308410644531
0.926006555557251
0.9777791500091553
0.9126918315887451
1.087266445159912
0.9205386638641357
0.9981732368469238
0.8908331394195557
0.7833633422851562
0.8313531875610352
0.7365355491638184
1.1446034908294678
1.0839574337005615
0.1648082733154297
0.8474593162536621
0.1624302864074707
0.9548819065093994
1.0045626163482666
0.16410326957702637
0.6461930274963379
0.7501213550567627
0.9901101589202881
1.1251780986785889
1.0727970600128174
0.795337438583374
0.9090530872344971
0.7863259315490723
1.1232070922851562
1.0858283042907715
0.1582186222076416
0.9522302150726318
0.8395829200744629
0.16398048400878906
0.6633241176605225
1.0927934646606445
1.2059226036071777
0.15678787231445312
0.6820647716522217
0.14736127853393555
1.0937423706054688
0.7987527847290039
0.1789839267730713
0.5108954906463623
0.8842213153839111
1.082080602645874
1.197969675064087
0.9125666618347168
0.17439556121826172
1.070697546005249
1.2494070529937744
0.18747353553771973
0.6413795948028564
0.13852238655090332
0.729144811630249
1.1916663646697998
0.8472385406494141
0.6678900718688965
0.9101321697235107
0.9292328357696533
0.9493465423583984
0.4377298355102539
0.9386794567108154
0.8204662799835205
0.769190788269043
0.8543655872344971
1.105656623840332
0.8974623680114746
0.9163892269134521
1.0288090705871582
0.773364782333374
0.9592819213867188
0.9491250514984131
1.0103192329406738
1.0290071964263916
1.0058298110961914
0.9260659217834473
0.8183383941650391
1.032405138015747
1.1556050777435303
0.8347666263580322
0.12842917442321777
0.9387414455413818
1.0464723110198975
1.1046171188354492
0.8269906044006348
0.7869489192962646
1.2988395690917969
1.144829511642456
0.2362074851989746
0.7548635005950928
0.9052984714508057
0.9883477687835693
0.7726714611053467
1.0962135791778564
0.9098055362701416
0.8669469356536865
1.149226427078247
1.0040082931518555
0.8138613700866699
0.8991234302520752
1.10884428024292
1.061011791229248
0.15714168548583984
0.7153337001800537
0.9144396781921387
0.9060704708099365
0.8905208110809326
0.9500412940979004
1.222665786743164
0.9408621788024902
0.19815921783447266
0.4024350643157959
0.9160933494567871
0.8232252597808838
0.8745651245117188
1.2267658710479736
0.7717704772949219
0.2427654266357422
0.5094428062438965
0.8221399784088135
1.1054410934448242
1.0150372982025146
0.8076105117797852
1.0562264919281006
0.8795344829559326
0.8088424205780029
1.2089755535125732
1.072195291519165
0.23784661293029785
0.8470001220703125
0.9367623329162598
0.9657411575317383
0.7654180526733398
1.057875156402588
0.9931545257568359
0.11831068992614746
0.7831649780273438
0.15119242668151855
0.623898983001709
0.8655223846435547
1.2141549587249756
0.8209726810455322
0.1857450008392334
0.6722633838653564
0.9575324058532715
0.9501886367797852
0.8093857765197754
1.0666313171386719
1.0139679908752441
0.9362611770629883
0.9861323833465576
1.0961081981658936
0.8189601898193359
0.9775371551513672
1.173882007598877
0.8248639106750488
0.1565544605255127
0.9508326053619385
1.1406939029693604
0.18004322052001953
0.6611006259918213
0.8611223697662354
0.18088173866271973
0.8949058055877686
0.9151740074157715
0.1568758487701416
1.0700008869171143
1.1483690738677979
0.17558956146240234
0.7931835651397705
0.16414403915405273
0.9185056686401367
1.1216356754302979
0.8840203285217285
0.9849998950958252
0.8604800701141357
1.0013799667358398
0.8212118148803711
0.7318644523620605
0.8412876129150391
0.8085536956787109
0.8148784637451172
0.8936557769775391
0.9229342937469482
1.042790412902832
0.9888486862182617
0.8107419013977051
1.052643060684204
0.8356723785400391
0.7900722026824951
0.8423535823822021
0.8964540958404541
0.8078997135162354
1.0748484134674072
0.900179386138916
0.8743901252746582
1.1995036602020264
0.9565567970275879
0.1776573657989502
0.8939681053161621
1.046509027481079
0.9519016742706299
0.8778581619262695
1.1549489498138428
1.2334742546081543
0.16185665130615234
0.7578134536743164
0.18549799919128418
0.6535351276397705
1.2970480918884277
0.6856770515441895
0.20036005973815918
0.5911626815795898
0.9312446117401123
0.7572588920593262
0.8432981967926025
1.0384652614593506
1.181917667388916
0.9494061470031738
0.14895272254943848
0.8867626190185547
0.8115980625152588
0.7715127468109131
0.9152615070343018
0.8299863338470459
0.8597042560577393
1.100632905960083
1.112442970275879
1.0064117908477783
0.8728423118591309
0.8400330543518066
0.8137359619140625
0.8215689659118652
0.9370050430297852
1.1638727188110352
0.879176139831543
0.12404417991638184
0.6945855617523193
1.0627233982086182
0.918123722076416
0.8686480522155762
0.7717232704162598
1.1107025146484375
1.26997971534729
1.0586142539978027
0.159376859664917
0.8211781978607178
0.8145558834075928
0.7875711917877197
1.2983896732330322
0.8057277202606201
0.22256159782409668
0.6354782581329346
1.0881781578063965
1.1773076057434082
1.1410140991210938
0.16080784797668457
0.9753434658050537
0.9428069591522217
0.1249244213104248
0.525944709777832
0.9840021133422852
0.8498735427856445
1.075883150100708
1.097522258758545
1.1508634090423584
0.8864233493804932
0.8754699230194092
0.7986495494842529
1.0092997550964355
0.986461877822876
0.8315238952636719
1.2862648963928223
1.133190393447876
0.23287296295166016
0.6448395252227783
0.7899534702301025
0.998342752456665
0.7792024612426758
1.0337021350860596
1.1272549629211426
0.8515660762786865
1.171297550201416
1.0333499908447266
0.17337799072265625
0.9524359703063965
1.0330054759979248
1.096367359161377
1.1648337841033936
0.8627171516418457
1.0425422191619873
1.1501457691192627
1.0783028602600098
0.1690373420715332
0.8013854026794434
0.9243021011352539
0.9247250556945801
0.8538331985473633
1.1092336177825928
0.7986891269683838
1.1435534954071045
0.8660495281219482
0.16191816329956055
0.7421858310699463
1.103989839553833
0.855968713760376
0.12891364097595215
0.6479802131652832
1.2868850231170654
0.9458489418029785
0.20204973220825195
0.2904958724975586
1.0008344650268555
0.9438858032226562
0.9807991981506348
1.025428056716919
1.1692454814910889
0.8870787620544434
0.16817212104797363
0.6326544284820557
0.7884788513183594
0.9174990653991699
1.2164437770843506
1.012096643447876
0.15147018432617188
0.6087484359741211
0.9153871536254883
1.0542268753051758
0.9837949275970459
0.1235055923461914
0.7010655403137207
0.982337474822998
1.046459436416626
0.9931907653808594
1.1874277591705322
0.9116451740264893
0.17948484420776367
0.9055545330047607
0.8916134834289551
0.8203206062316895
1.0361900329589844
1.0617163181304932
1.1384272575378418
0.8104152679443359
0.7829766273498535
0.9072604179382324
1.086038589477539
0.822213888168335
1.0040059089660645
0.8320775032043457
0.8142573833465576
1.0938434600830078
0.9403650760650635
1.127654790878296
1.014857530593872
0.8845231533050537
1.0753216743469238
1.1092934608459473
1.0274739265441895
0.1692502498626709
0.44814634323120117
0.7975709438323975
0.9700498580932617
0.996924877166748
0.9535741806030273
0.7781572341918945
0.9114491939544678
0.8856852054595947
1.1420698165893555
1.147197961807251
0.9237251281738281
0.16050457954406738
0.6941606998443604
1.081566333770752
1.1285464763641357
0.864952564239502
0.1587073802947998
0.9045438766479492
1.011199951171875
1.002556562423706
1.0972490310668945
0.912440299987793
1.1400392055511475
1.0040054321289062
0.16011381149291992
0.8841068744659424
1.0184476375579834
0.8832263946533203
1.0744049549102783
0.7716870307922363
0.9332096576690674
0.909853458404541
1.0363852977752686
0.9143097400665283
0.8748431205749512
0.9326634407043457
1.1193594932556152
0.8923897743225098
0.16220927238464355
0.641289472579956
1.1910033226013184
0.810283899307251
0.14101886749267578
0.6016957759857178
0.8531506061553955
0.8175857067108154
1.028468370437622
0.8465993404388428
0.7740170955657959
0.7629272937774658
0.5919981002807617
0.870750904083252
1.0782833099365234
0.8885297775268555
1.0601608753204346
1.097388744354248
0.9127781391143799
1.1560578346252441
1.0188846588134766
0.1196439266204834
0.8530755043029785
1.0711016654968262
1.233504295349121
0.16052603721618652
0.8485736846923828
0.1875166893005371
0.6548073291778564
0.8170042037963867
0.9882638454437256
1.2427663803100586
1.0459647178649902
0.18677330017089844
0.7364673614501953
0.8243963718414307
0.8565371036529541
0.7542989253997803
0.9867386817932129
1.0792160034179688
0.8896076679229736
0.9467294216156006
0.8293719291687012
0.7968549728393555
0.7321844100952148
0.7552316188812256
0.7263622283935547
0.9866907596588135
0.9089827537536621
1.0479772090911865
0.8230011463165283
0.7697443962097168
0.9176554679870605
1.1064341068267822
1.106393814086914
0.792219877243042
0.7504074573516846
0.9064357280731201
0.7507429122924805
0.7871508598327637
0.9057252407073975
1.0775840282440186
0.511876106262207
0.9068450927734375
1.1054472923278809
1.1035172939300537
1.1290407180786133
0.896136999130249
0.814598560333252
0.7740392684936523
0.9584369659423828
0.9097120761871338
0.8703968524932861
0.92254638671875
0.7595815658569336
0.8800637722015381
0.9250450134277344
1.1697187423706055
1.0370399951934814
1.1374125480651855
0.7838153839111328
0.9190866947174072
1.0943710803985596
0.8234374523162842
1.006883144378662
1.115333080291748
0.9962446689605713
0.9780275821685791
0.9028425216674805
1.160402774810791
1.1346993446350098
1.291149616241455
1.0481326580047607
0.20113110542297363
0.6768369674682617
1.0036585330963135
0.8748412132263184
0.8278210163116455
0.9336645603179932
1.0050923824310303
1.1474061012268066
1.0240039825439453
0.1577625274658203
0.7064127922058105
1.0942189693450928
1.0366780757904053
0.8346166610717773
0.9837431907653809
1.0827441215515137
1.2140905857086182
0.17985177040100098
0.645026683807373
0.17662954330444336
0.317537784576416
0.7530555725097656
0.968437671661377
0.9863336086273193
1.1764895915985107
1.071488857269287
0.16016697883605957
0.8486533164978027
1.0865557193756104
1.1197619438171387
0.8783905506134033
0.913015604019165
0.9405429363250732
0.8938286304473877
0.80967116355896
0.8490252494812012
0.8609097003936768
0.9208378791809082
0.860792875289917
0.8506965637207031
0.7992753982543945
0.9596283435821533
0.9846706390380859
0.9397439956665039
0.8473331928253174
0.8328793048858643
1.0304794311523438
1.3151097297668457
0.8507828712463379
0.24486994743347168
1.0271942615509033
1.1013484001159668
0.22797012329101562
0.7931156158447266
0.960604190826416
1.1034364700317383
0.8232319355010986
0.12265992164611816
0.7301790714263916
1.1770968437194824
0.8256607055664062
0.18322348594665527
0.5998475551605225
0.7699782848358154
0.8026974201202393
0.8637874126434326
0.8773033618927002
1.0939083099365234
0.9864468574523926
0.16581273078918457
0.38753437995910645
0.9087133407592773
1.0831007957458496
1.0546228885650635
0.9907093048095703
0.8947489261627197
1.0164968967437744
0.9350759983062744
1.1294336318969727
0.9093561172485352
0.16408753395080566
1.1224136352539062
0.8350429534912109
0.18613243103027344
0.6863753795623779
0.7839159965515137
0.9875297546386719
0.8012325763702393
1.117147445678711
1.097508192062378
0.914534330368042
0.9256222248077393
0.9920213222503662
0.9994022846221924
0.9527363777160645
1.0621910095214844
0.8114027976989746
1.1382341384887695
1.0181748867034912
0.7925591468811035
0.7859508991241455
0.7872540950775146
1.2046582698822021
1.165440559387207
0.18031907081604004
0.8525669574737549
0.17388677597045898
0.633169412612915
0.9048199653625488
0.8939776420593262
1.0427489280700684
0.8083443641662598
0.9226596355438232
0.9101760387420654
0.9777393341064453
1.084688663482666
1.0905790328979492
0.9441957473754883
1.0951666831970215
0.7101871967315674
0.865516185760498
0.8875637054443359
0.8054394721984863
0.9493625164031982
0.8863086700439453
0.7409508228302002
0.9857251644134521
1.1738038063049316
0.8485798835754395
0.16362476348876953
0.644819974899292
1.073312520980835
0.8057122230529785
1.0848097801208496
1.1536979675292969
1.0915813446044922
0.15648198127746582
0.9447505474090576
0.7779946327209473
0.7553739547729492
0.8298554420471191
0.8131463527679443
1.1306257247924805
0.8523194789886475
0.7823278903961182
0.7826929092407227
1.0048551559448242
0.9020497798919678
1.1071312427520752
1.1000430583953857
0.1229403018951416
1.0826270580291748
0.8121464252471924
0.17549824714660645
0.7591595649719238
1.1298749446868896
1.2166898250579834
0.18664169311523438
0.69136643409729
0.15864992141723633
0.8820891380310059
1.1434056758880615
1.105637550354004
1.0278520584106445
0.9947481155395508
0.8070628643035889
0.9721527099609375
0.9916520118713379
0.9018280506134033
0.7365622520446777
0.8640525341033936
1.1411244869232178
0.8176553249359131
0.16739392280578613
0.7837791442871094
1.08652663230896
0.8557264804840088
0.9543502330780029
0.787614107131958
0.8444051742553711
0.8896496295928955
1.0957276821136475
0.9934194087982178
1.1272971630096436
0.862647533416748
0.7289304733276367
0.7961044311523438
0.7590718269348145
0.7641475200653076
0.9356746673583984
0.8606159687042236
1.1360764503479004
1.1714942455291748
0.9887313842773438
0.7672154903411865
1.0703997611999512
1.1747066974639893
0.9040720462799072
0.13814473152160645
0.7112395763397217
0.8356165885925293
0.9076855182647705
1.031850814819336
1.0743634700775146
0.9780979156494141
0.8957490921020508
1.0664992332458496
0.8457131385803223
1.181487798690796
1.1949269771575928
0.8518521785736084
0.1290736198425293
0.8139350414276123
1.0226466655731201
1.1447300910949707
1.0785706043243408
0.16455698013305664
0.8076918125152588
0.8545231819152832
0.6916115283966064
1.0234599113464355
1.321566104888916
1.0199897289276123
0.17174887657165527
0.6595735549926758
0.9893345832824707
0.8151869773864746
1.0643110275268555
0.8222644329071045
0.8698172569274902
0.8602101802825928
1.026573657989502
0.8330907821655273
0.8660438060760498
1.0772883892059326
1.1376066207885742
0.8450276851654053
0.12686586380004883
0.8424079418182373
0.786590576171875
0.8103382587432861
0.9300024509429932
1.0876662731170654
0.9124727249145508
0.15381979942321777
0.7588357925415039
1.0866467952728271
0.8189253807067871
0.8018434047698975
1.3987762928009033
0.9557301998138428
0.2311418056488037
0.6293144226074219
0.9847195148468018
0.7639064788818359
0.750485897064209
1.0282063484191895
0.9262189865112305
0.8515019416809082
0.9758226871490479
1.0117731094360352
0.8553283214569092
1.0427970886230469
1.111116886138916
0.7916138172149658
0.8430945873260498
0.8008134365081787
1.0226514339447021
0.9319336414337158
0.6067137718200684
0.9734082221984863
0.988621711730957
1.076000452041626
0.8569521903991699
1.0653576850891113
0.9219110012054443
0.7683923244476318
0.9659028053283691
0.9841263294219971
0.9640982151031494
1.0166113376617432
0.9660265445709229
0.8030710220336914
0.7789368629455566
0.7719128131866455
0.8017094135284424
0.8894004821777344
1.0637855529785156
0.863917350769043
0.8800015449523926
1.0220353603363037
0.8974707126617432
0.9910194873809814
0.812241792678833
0.7895560264587402
1.0541160106658936
1.2037034034729004
0.9512364864349365
0.15749120712280273
0.64150071144104
0.903714656829834
1.1408672332763672
0.9285376071929932
0.1627063751220703
0.9442262649536133
1.225766658782959
0.15596389770507812
0.7289674282073975
0.1783766746520996
0.9184451103210449
0.8681330680847168
0.14197278022766113
0.7624392509460449
0.8129570484161377
1.1133081912994385
1.1442115306854248
1.0251712799072266
0.1634836196899414
0.6974618434906006
0.7989983558654785
0.9361588954925537
0.16244745254516602
0.872061014175415
1.3521108627319336
0.9890909194946289
0.19176125526428223
0.8457002639770508
0.8054747581481934
0.995110034942627
0.8876657485961914
1.0091142654418945
0.7725927829742432
0.8988103866577148
0.865349531173706
0.778515100479126
0.9048326015472412
1.106832504272461
0.8933899402618408
0.9824504852294922
1.1345593929290771
0.8773024082183838
0.1645798683166504
0.7976694107055664
1.0230340957641602
1.1180779933929443
0.8923473358154297
0.7960469722747803
1.1182749271392822
1.25728178024292
0.8129355907440186
0.20947527885437012
0.6213874816894531
1.1317663192749023
0.9699225425720215
0.1616828441619873
0.6267778873443604
0.8676464557647705
0.8845980167388916
1.2023608684539795
0.7908658981323242
0.17072081565856934
0.7164814472198486
0.9343361854553223
0.8500821590423584
1.0815348625183105
0.8497204780578613
0.8508455753326416
1.310053825378418
0.8669066429138184
0.2221508026123047
0.31687378883361816
0.7758176326751709
0.9345641136169434
0.859957218170166
1.1898589134216309
1.0746159553527832
0.1843280792236328
0.8171687126159668
1.0238687992095947
0.988267183303833
0.8166413307189941
0.797527551651001
1.0791101455688477
0.9018168449401855
0.9792699813842773
1.0894191265106201
0.8021855354309082
0.7606544494628906
0.9169938564300537
0.8822648525238037
1.089545726776123
0.9977493286132812
0.9500153064727783
0.7636659145355225
0.8642196655273438
0.913668155670166
1.1237385272979736
1.0388152599334717
0.15904712677001953
1.159416675567627
0.937706470489502
0.20993709564208984
0.9003338813781738
1.1107735633850098
0.7824668884277344
0.8029606342315674
1.1399307250976562
0.9019641876220703
1.147709846496582
0.8471033573150635
0.8883066177368164
0.6806063652038574
0.8981003761291504
0.8857638835906982
0.8231754302978516
1.0127208232879639
0.880169153213501
0.80194091796875
0.7567262649536133
0.6782431602478027
1.041020393371582
0.8171741962432861
1.0310165882110596
0.9624171257019043
0.772136926651001
0.7890386581420898
1.2533421516418457
0.9253671169281006
0.25124144554138184
0.6761946678161621
1.1600382328033447
0.742457389831543
0.1729593276977539
0.9002351760864258
0.933441162109375
0.9424288272857666
1.1636674404144287
0.8982429504394531
0.9260351657867432
1.1137940883636475
1.0595974922180176
0.1599726676940918
1.1258230209350586
1.137634515762329
0.2220773696899414
0.5691721439361572
0.9422295093536377
1.0600736141204834
1.0925850868225098
1.164520025253296
1.211369514465332
0.1685185432434082
0.7262144088745117
0.17056751251220703
1.028822422027588
0.8799960613250732
0.9535627365112305
0.8346006870269775
0.8572695255279541
0.8927302360534668
0.7920687198638916
0.7811887264251709
1.006899356842041
0.7956786155700684
0.9159488677978516
0.8628687858581543
0.9847738742828369
0.8502795696258545
1.024505853652954
0.8881087303161621
1.1133654117584229
0.17027544975280762
0.7374894618988037
0.9302046298980713
0.8143765926361084
0.7537674903869629
0.9659502506256104
1.1709768772125244
0.8998851776123047
0.15366840362548828
0.8446807861328125
0.8052806854248047
0.13067150115966797
0.620560884475708
1.021650791168213
1.060042142868042
1.0173771381378174
0.9169816970825195
0.8173325061798096
1.055633306503296
0.8927898406982422
0.7997405529022217
1.0348913669586182
1.0634214878082275
0.8409249782562256
1.2379660606384277
0.8655076026916504
0.1888570785522461
0.8584146499633789
0.8477776050567627
1.2342815399169922
0.9914288520812988
0.21346378326416016
0.8433492183685303
1.0419275760650635
0.9851589202880859
1.0670349597930908
0.9304592609405518
0.9829502105712891
0.8570630550384521
0.834174633026123
0.8959839344024658
0.7847626209259033
0.856299877166748
0.8907675743103027
1.2483320236206055
1.3054969310760498
0.16245317459106445
0.7587041854858398
0.20247125625610352
0.528618335723877
0.9325211048126221
1.1354212760925293
0.8117759227752686
0.6812756061553955
0.8968944549560547
1.0200958251953125
1.1880593299865723
1.0234696865081787
0.14387798309326172
0.830294132232666
0.7587099075317383
1.1215448379516602
0.8098313808441162
0.15675759315490723
0.6590313911437988
0.8387925624847412
1.1942050457000732
1.1142284870147705
0.1727893352508545
0.6768777370452881
0.12720727920532227
0.5540056228637695
0.7036991119384766
0.8308722972869873
0.9358220100402832
1.1217029094696045
0.9202117919921875
0.98240065574646
1.0243442058563232
1.0381505489349365
1.163083791732788
0.9991610050201416
0.8000884056091309
0.8131899833679199
1.100325345993042
0.9396722316741943
0.1610274314880371
0.9186263084411621
0.9821298122406006
1.0642039775848389
1.1157803535461426
1.3035428524017334
0.8468880653381348
0.19597840309143066
0.546288013458252
0.8343684673309326
0.7340042591094971
1.1326024532318115
0.6001381874084473
1.063452959060669
1.1730015277862549
1.0283679962158203
0.15119552612304688
0.9178376197814941
0.8049969673156738
0.999028205871582
1.146066427230835
0.9136738777160645
0.1706554889678955
0.7749364376068115
1.1217892169952393
1.076073169708252
0.1590414047241211
0.7416088581085205
0.9159121513366699
1.2863426208496094
0.8138699531555176
0.24062561988830566
0.5729508399963379
0.9629743099212646
0.9098484516143799
0.7655608654022217
0.9486865997314453
0.8430564403533936
1.0137219429016113
0.9411356449127197
0.8776919841766357
0.8413808345794678
0.9177043437957764
0.7900333404541016
1.1448354721069336
0.9718327522277832
0.16138863563537598
0.8632974624633789
0.9869537353515625
0.9795591831207275
1.1039605140686035
1.0977513790130615
1.1998603343963623
1.3158173561096191
0.1835634708404541
0.7907459735870361
0.18907928466796875
0.6180133819580078
0.6835694313049316
1.1227376461029053
1.0402002334594727
0.16217827796936035
0.34663963317871094
0.7569148540496826
0.7900383472442627
1.1243855953216553
0.8741505146026611
0.12609100341796875
1.0001928806304932
0.7716429233551025
0.12546420097351074
0.6148257255554199
1.0313005447387695
0.8714702129364014
0.7662339210510254
1.2717227935791016
0.7997035980224609
0.24705910682678223
0.6219265460968018
0.8235445022583008
1.109086513519287
1.1094996929168701
0.12388157844543457
1.1863791942596436
0.8282577991485596
0.218306303024292
0.5951666831970215
1.140977382659912
0.8694894313812256
0.15406274795532227
0.7344701290130615
1.12418532371521
0.8588087558746338
0.7972662448883057
1.024933099746704
0.7714753150939941
0.9155068397521973
0.7886464595794678
1.2112338542938232
1.0959844589233398
0.17818617820739746
0.6968412399291992
0.9976780414581299
0.9385271072387695
0.8728911876678467
0.7199826240539551
1.0111746788024902
0.9954650402069092
1.139146089553833
0.8146536350250244
0.9970333576202393
0.8617923259735107
0.7434396743774414
0.8067545890808105
0.9512631893157959
0.8798806667327881
1.1496760845184326
1.1398448944091797
0.1429452896118164
0.9683990478515625
0.1538383960723877
0.7074477672576904
0.17108154296875
1.0116407871246338
1.3419630527496338
0.16367244720458984
0.6463518142700195
0.2232346534729004
0.565310001373291
0.7360007762908936
1.018545150756836
1.0333340167999268
1.0830857753753662
0.8512563705444336
0.1569831371307373
0.5619723796844482
0.7353792190551758
0.999183177947998
0.9252476692199707
1.086463451385498
0.8095684051513672
0.15052199363708496
0.7252597808837891
0.8039138317108154
0.15828251838684082
0.7084481716156006
0.8208649158477783
1.0898501873016357
0.9093663692474365
0.1497185230255127
0.696951150894165
0.8951883316040039
0.8940613269805908
0.7885332107543945
1.140526294708252
0.9626748561859131
0.1515040397644043
0.6324863433837891
0.8900136947631836
0.9623425006866455
0.8372321128845215
1.167754888534546
0.6741666793823242
0.15968561172485352
0.7908098697662354
0.8565843105316162
1.009836196899414
0.7876040935516357
1.0369586944580078
0.9588680267333984
1.2364327907562256
0.9686064720153809
0.1826796531677246
0.8132116794586182
0.989368200302124
0.798576831817627
0.9781210422515869
1.0447998046875
1.0894925594329834
1.1574633121490479
1.0618207454681396
0.15926194190979004
0.753230094909668
0.9422404766082764
1.1412756443023682
0.8013315200805664
0.16312694549560547
0.5926499366760254
0.9299945831298828
0.81722092628479
0.8612020015716553
1.1589946746826172
0.9635801315307617
0.1795034408569336
0.7691085338592529
1.0335948467254639
1.2339200973510742
0.9659957885742188
0.1771409511566162
0.8995134830474854
1.2342162132263184
0.9971566200256348
0.188887357711792
0.9153656959533691
1.2593531608581543
1.0032827854156494
0.23912334442138672
0.581918478012085
1.0211637020111084
0.8693690299987793
0.8467633724212646
1.0431461334228516
0.7770836353302002
1.006730556488037
0.9138455390930176
0.8855865001678467
0.8976659774780273
1.2304959297180176
1.1451339721679688
0.21001362800598145
0.680903434753418
0.17946910858154297
0.7402834892272949
1.121187448501587
0.8920602798461914
0.9442307949066162
0.9216556549072266
1.0742337703704834
1.0934886932373047
0.8979709148406982
0.9004244804382324
1.1568725109100342
1.2105233669281006
0.9175779819488525
0.19574809074401855
0.9126663208007812
0.9863905906677246
0.16506457328796387
0.8212172985076904
0.9430520534515381
1.1256096363067627
0.8809680938720703
0.15874743461608887
0.8639042377471924
0.9566962718963623
0.7934632301330566
0.7988412380218506
0.9952974319458008
0.8432221412658691
0.8894479274749756
1.0975799560546875
1.2568233013153076
0.8529961109161377
0.18817758560180664
1.0415101051330566
0.8535962104797363
0.1558380126953125
0.7486200332641602
1.1553514003753662
0.8796977996826172
0.16258454322814941
0.7362525463104248
0.8150930404663086
1.134963035583496
0.9200804233551025
0.17114830017089844
0.7249891757965088
0.899794340133667
0.7396633625030518
1.0860769748687744
0.8987245559692383
0.9108936786651611
0.8147885799407959
0.8904726505279541
0.8760266304016113
0.8323791027069092
1.0212652683258057
0.9965736865997314
0.8379309177398682
0.8701698780059814
0.9502773284912109
0.8826770782470703
0.9200694561004639
1.2315287590026855
1.2610385417938232
0.18738746643066406
0.7773361206054688
0.18748021125793457
0.5678203105926514
0.7002823352813721
1.0237760543823242
0.93424391746521
0.80538010597229
1.2283341884613037
1.0312392711639404
0.17499089241027832
0.667464017868042
0.9282925128936768
0.8838045597076416
0.8582847118377686
0.8461432456970215
0.931607723236084
1.1337027549743652
0.9138758182525635
0.15991687774658203
0.6045677661895752
0.7750363349914551
0.9712769985198975
1.1921937465667725
0.982886791229248
1.180924654006958
0.9471392631530762
0.5514495372772217
1.0933542251586914
1.0168437957763672
0.16199564933776855
0.7361910343170166
0.8845598697662354
0.9621133804321289
1.160116195678711
1.2521193027496338
0.1655886173248291
0.7117800712585449
0.19112014770507812
0.5290436744689941
1.1210167407989502
1.059274673461914
0.8285884857177734
0.7457566261291504
1.147118330001831
0.8270726203918457
0.1248013973236084
0.6277716159820557
0.9974443912506104
1.160569190979004
1.005023717880249
0.9526553153991699
0.8888630867004395
1.153270959854126
1.0543427467346191
0.8454163074493408
0.15635251998901367
0.8429458141326904
0.9642884731292725
0.9784038066864014
0.7524943351745605
1.251629114151001
0.9973514080047607
0.19092345237731934
0.7961022853851318
0.821885347366333
0.7798573970794678
0.9680955410003662
0.8873782157897949
1.0413978099822998
0.842984676361084
0.12963271141052246
1.0947668552398682
1.1095705032348633
0.17342400550842285
0.9681968688964844
0.8633337020874023
0.16923284530639648
0.5867626667022705
0.9089035987854004
0.9453389644622803
0.9421746730804443
0.919396162033081
0.9093532562255859
0.828650712966919
0.8611116409301758
0.747403621673584
0.8606224060058594
1.0148229598999023
0.952134370803833
1.0176682472229004
1.139455795288086
0.871269941329956
1.081078052520752
1.2332830429077148
0.1580352783203125
0.8200790882110596
0.17897558212280273
0.8074100017547607
1.0447728633880615
0.8829605579376221
0.8246841430664062
0.8110051155090332
0.8941023349761963
0.9027824401855469
0.7789480686187744
1.2461445331573486
0.8920927047729492
0.1817305088043213
0.6058549880981445
1.031400203704834
0.8960602283477783
1.0702171325683594
0.812413215637207
0.8052537441253662
0.9525010585784912
0.9641950130462646
0.9788379669189453
0.811722993850708
1.1320409774780273
1.0047273635864258
1.0386266708374023
0.8753185272216797
0.9249050617218018
0.7783303260803223
0.8650720119476318
0.8205740451812744
0.9917480945587158
1.064143180847168
0.22960925102233887
0.8687386512756348
1.0533370971679688
0.8200132846832275
1.187880516052246
0.8955817222595215
0.17598271369934082
0.872633695602417
1.3352997303009033
0.8967878818511963
0.236128568649292
0.6466155052185059
1.1402380466461182
1.2402305603027344
0.16526103019714355
0.6659815311431885
0.15548491477966309
0.7667584419250488
1.1621639728546143
1.0111758708953857
0.164201021194458
0.8339290618896484
0.8802077770233154
0.9485452175140381
1.0594873428344727
0.794947624206543
0.9871861934661865
0.766463041305542
1.2206645011901855
0.8435792922973633
0.18799352645874023
0.7255220413208008
1.1159684658050537
1.1352760791778564
0.16463756561279297
0.6820621490478516
0.7706201076507568
0.9043490886688232
1.1674063205718994
0.8952670097351074
0.7508254051208496
0.7348875999450684
0.8859972953796387
1.3497200012207031
0.9734628200531006
0.24578571319580078
0.9087517261505127
0.8269829750061035
0.17552852630615234
0.6999304294586182
0.8268001079559326
0.2312946319580078
0.6695942878723145
0.8456509113311768
1.027392864227295
1.1281938552856445
0.8659524917602539
0.7473137378692627
0.8351848125457764
1.187882661819458
1.0430772304534912
0.1266012191772461
0.8985762596130371
0.9779758453369141
1.0173511505126953
0.9248700141906738
1.0395567417144775
0.931194543838501
0.9332468509674072
0.8822791576385498
0.8574390411376953
0.8785510063171387
0.7342393398284912
1.0067574977874756
0.9076576232910156
0.8613581657409668
0.9516088962554932
0.9879624843597412
0.9964442253112793
0.8292026519775391
1.1439406871795654
1.2128689289093018
0.19277501106262207
0.7786784172058105
0.1931302547454834
0.5876686573028564
0.9719984531402588
0.8345685005187988
0.8729979991912842
1.0199832916259766
1.1490116119384766
1.089137315750122
0.15650653839111328
1.0139877796173096
0.16292786598205566
0.7776241302490234
0.15782570838928223
0.7778708934783936
0.7020606994628906
0.9378848075866699
1.0199618339538574
1.0424408912658691
0.8209271430969238
0.8745241165161133
0.9121904373168945
1.2941839694976807
1.1410272121429443
0.18388891220092773
0.8027422428131104
0.15818476676940918
0.6156601905822754
0.737605094909668
0.8870851993560791
1.0923480987548828
0.9256317615509033
0.15944480895996094
1.1789586544036865
0.8608179092407227
0.21076154708862305
0.5583782196044922
0.939439058303833
0.9633786678314209
0.9842329025268555
1.0286977291107178
0.9848549365997314
0.928617000579834
1.094390630722046
0.8755350112915039
0.16427206993103027
0.7405469417572021
0.9993743896484375
0.8496959209442139
0.9378001689910889
1.0349342823028564
1.1405003070831299
1.1255669593811035
1.0450859069824219
0.9290516376495361
1.051652431488037
0.8325254917144775
1.063286542892456
0.8496322631835938
0.8723347187042236
0.9464712142944336
0.8889236450195312
0.8134715557098389
1.0793609619140625
