4.781006813049316
7.0217084884643555
0.34054064750671387
2.7335586547851562
6.4705047607421875
1.8142144680023193
6.3167502880096436
4.575023651123047
2.996943473815918
2.077615261077881
1.9000799655914307
2.5239574909210205
9.502535104751587
0.41157960891723633
8.805134534835815
0.40209126472473145
1.4265286922454834
2.1384904384613037
1.600755214691162
1.8853070735931396
0.8301098346710205
2.894899845123291
0.7281441688537598
7.031593084335327
1.9319579601287842
3.413839340209961
3.4879915714263916
9.320274114608765
0.35240626335144043
5.807401657104492
7.882335662841797
0.34240078926086426
2.1380977630615234
4.514991760253906
1.7047817707061768
4.040278911590576
7.634845733642578
0.3591618537902832
2.4146385192871094
9.324989795684814
0.4184856414794922
1.479945182800293
2.658308506011963
4.045570373535156
6.271562814712524
6.610102415084839
3.5656678676605225
7.566643953323364
0.41802191734313965
7.881489276885986
0.3680734634399414
4.31715202331543
1.2136216163635254
5.151288032531738
4.763770580291748
3.8652427196502686
5.168076753616333
3.412341594696045
7.386435508728027
0.2777237892150879
3.835456132888794
5.842519044876099
2.1229093074798584
2.309946060180664
4.165907382965088
3.19873309135437
6.857009649276733
4.7308831214904785
2.053680181503296
4.097307443618774
3.077282190322876
1.8418359756469727
5.16435980796814
6.49698281288147
4.89275050163269
3.647780656814575
3.031093120574951
2.2103707790374756
6.537163257598877
6.251328468322754
2.182030200958252
1.9775476455688477
1.6243455410003662
3.6862242221832275
1.6119842529296875
9.527582883834839
0.4208195209503174
2.6611075401306152
9.437533140182495
0.3662741184234619
3.08052134513855
2.8968119621276855
1.7652697563171387
3.6035096645355225
8.257193565368652
0.32420849800109863
8.695396661758423
0.3486628532409668
5.775361776351929
8.970817565917969
0.3569202423095703
1.8767995834350586
2.5166187286376953
2.7661244869232178
1.9321565628051758
1.2447278499603271
4.231441020965576
7.480582237243652
0.30052804946899414
7.985804080963135
0.3311457633972168
2.694969415664673
0.7516181468963623
9.256253242492676
0.38781237602233887
5.470885515213013
1.777557134628296
4.871048927307129
2.2829833030700684
4.993854999542236
5.293715000152588
2.517965793609619
9.413268804550171
0.3517649173736572
1.283057451248169
2.6020939350128174
4.050987005233765
9.12314486503601
0.371171236038208
6.939336538314819
0.31122803688049316
5.585092544555664
3.8256256580352783
2.9877851009368896
3.164046287536621
1.2623538970947266
9.713424921035767
0.3641533851623535
2.9778974056243896
4.021760940551758
3.970621109008789
3.8104395866394043
3.842885971069336
7.850620269775391
0.3289651870727539
3.9186015129089355
5.06991171836853
3.60638427734375
1.890420913696289
10.868044137954712
0.36133742332458496
6.556780576705933
8.133008480072021
0.3209385871887207
1.5038979053497314
5.275709867477417
4.01070237159729
8.780592203140259
0.31391215324401855
3.9901671409606934
4.384205341339111
1.5019152164459229
5.155489444732666
7.42011833190918
0.30143046379089355
1.3975512981414795
6.7682578563690186
3.043372392654419
3.1998515129089355
1.3526899814605713
3.5189719200134277
1.819856882095337
4.297958850860596
7.564511060714722
0.3067944049835205
3.1805927753448486
2.9562833309173584
3.0400302410125732
5.400470018386841
0.9665384292602539
5.0589845180511475
3.3010125160217285
7.4626383781433105
3.638669967651367
3.51774525642395
2.9687788486480713
1.3244056701660156
3.860572576522827
3.9642443656921387
6.49677848815918
2.6505236625671387
1.3671278953552246
5.0524961948394775
2.3853373527526855
5.421142101287842
4.081446409225464
9.816402673721313
0.4412112236022949
1.5199737548828125
7.875246047973633
0.2945256233215332
8.502116680145264
0.3970639705657959
1.361255168914795
5.394035577774048
9.475675821304321
0.354095458984375
3.131904125213623
10.405364990234375
0.46157240867614746
2.5674824714660645
2.535672187805176
2.455609083175659
3.2988080978393555
6.740881443023682
1.8161849975585938
2.0394792556762695
0.8665099143981934
1.519355297088623
4.3592424392700195
4.727838516235352
2.160691499710083
3.1940815448760986
3.3421127796173096
1.9670472145080566
4.00178074836731
2.8277716636657715
2.7167813777923584
7.847099304199219
0.3031470775604248
5.957464218139648
8.091589212417603
0.32190775871276855
4.780697822570801
0.9473345279693604
6.221057176589966
2.402425765991211
1.7839980125427246
3.645368814468384
1.2077579498291016
6.5725579261779785
2.689180374145508
6.3770911693573
8.865633964538574
0.3548612594604492
1.387923002243042
2.5264222621917725
5.8127663135528564
10.066263437271118
0.37917566299438477
2.445246696472168
4.565191984176636
4.510536432266235
8.97548222541809
0.359879732131958
2.464934825897217
1.2123255729675293
8.006873607635498
0.3089158535003662
4.807521104812622
1.7468667030334473
3.382439136505127
5.245516300201416
3.0444676876068115
3.16791033744812
5.405229330062866
1.8862829208374023
9.943264484405518
0.3874959945678711
2.9367551803588867
5.899203777313232
4.381442070007324
3.2138490676879883
2.055292844772339
7.526847839355469
2.994915246963501
3.33553147315979
6.252427339553833
3.9101574420928955
1.8434560298919678
7.975367307662964
0.3079853057861328
5.920257091522217
5.023144960403442
5.041043043136597
6.177321434020996
2.536803960800171
1.1934587955474854
3.7171010971069336
5.0208494663238525
4.906504392623901
6.354102373123169
5.989734888076782
2.3085567951202393
2.359987735748291
1.329761266708374
2.149571418762207
6.272493124008179
7.887936115264893
0.32071685791015625
3.0570359230041504
3.470167398452759
1.4738619327545166
3.2212493419647217
2.576371192932129
4.7008233070373535
4.2323949337005615
2.8864381313323975
3.071892261505127
2.7201602458953857
3.1706857681274414
1.732316017150879
5.116590976715088
1.8250229358673096
4.7373175621032715
2.807777166366577
3.172983169555664
7.8544921875
0.3063216209411621
2.8584346771240234
1.269071102142334
1.9697203636169434
1.7331538200378418
2.6702539920806885
4.7666966915130615
2.9817874431610107
8.983943700790405
0.35251450538635254
3.320760488510132
3.4900717735290527
1.6428053379058838
2.119497776031494
8.190877914428711
0.3183441162109375
6.6040191650390625
3.294088363647461
1.60829496383667
4.384900808334351
3.6440982818603516
3.875904083251953
2.487335205078125
1.366128921508789
3.7886924743652344
2.2837471961975098
7.760819911956787
0.3171863555908203
1.9023776054382324
9.71654987335205
0.36315131187438965
1.3646700382232666
4.418862581253052
3.0709190368652344
6.938787460327148
2.961402416229248
4.628075838088989
2.6867527961730957
1.3254928588867188
5.38588547706604
5.74085807800293
1.1461875438690186
2.1459062099456787
5.229732990264893
3.60467791557312
3.601365566253662
3.3109891414642334
3.4592504501342773
1.1541972160339355
2.9142098426818848
1.817070484161377
10.221187114715576
0.39335036277770996
4.511703014373779
2.6327028274536133
6.422091960906982
8.465298652648926
0.3531477451324463
1.821295976638794
1.6911723613739014
4.9677746295928955
3.7045276165008545
7.958725929260254
0.3119649887084961
5.261143684387207
1.701155662536621
7.642035484313965
0.29412102699279785
6.175108909606934
1.7924041748046875
6.359161853790283
7.36266565322876
0.30510950088500977
9.006090879440308
0.36734843254089355
2.5886003971099854
10.119702100753784
0.3894200325012207
2.809691905975342
8.643197059631348
0.34894299507141113
9.818569421768188
0.39185619354248047
2.747114419937134
3.2218542098999023
1.4300706386566162
4.411956310272217
4.274685382843018
3.6330392360687256
4.616158723831177
1.8055989742279053
8.300233840942383
0.3106710910797119
8.718982934951782
0.35163378715515137
8.627981185913086
0.3584320545196533
3.601604461669922
6.781920671463013
1.6853086948394775
2.0692179203033447
1.393592119216919
5.3117828369140625
0.5298070907592773
10.659482955932617
0.3906857967376709
3.29343318939209
9.137959718704224
0.35570454597473145
1.523857831954956
4.785033941268921
3.779927968978882
7.517304420471191
0.2962968349456787
0.5725646018981934
4.071683406829834
3.091966152191162
3.0688557624816895
5.91160249710083
6.290241003036499
2.297271251678467
2.9881765842437744
3.387552261352539
1.9300825595855713
2.685662031173706
4.119523048400879
5.053235054016113
6.472919464111328
6.0585057735443115
2.4823966026306152
2.5119693279266357
10.666218280792236
0.38794732093811035
2.974890947341919
5.126752853393555
6.006289005279541
1.461805820465088
5.09537148475647
6.267514944076538
2.0016679763793945
2.0620265007019043
2.127058267593384
6.900725364685059
5.66337776184082
3.584469795227051
3.9062983989715576
1.6828460693359375
4.286151885986328
3.8040666580200195
7.801384925842285
0.3053410053253174
8.669664859771729
0.3431696891784668
1.4913482666015625
7.078952074050903
3.2278828620910645
6.266578674316406
2.668083667755127
2.882028341293335
4.704417943954468
2.8819375038146973
7.6519834995269775
0.31557154655456543
3.298302412033081
2.1015801429748535
2.7167792320251465
1.4453845024108887
7.101881742477417
4.9554054737091064
1.7721953392028809
6.618174076080322
2.188612461090088
10.162088871002197
0.3882405757904053
1.8464009761810303
6.445903539657593
2.455009698867798
3.7179136276245117
3.8548190593719482
2.2330780029296875
4.080971956253052
1.8542485237121582
4.10027003288269
2.950601816177368
4.218655347824097
6.267492055892944
3.398791551589966
4.988516807556152
3.420314073562622
8.124778509140015
0.30460190773010254
4.815206527709961
5.101522207260132
3.7633016109466553
6.227342367172241
3.959972381591797
3.1083881855010986
3.313666820526123
6.254944086074829
1.569328784942627
2.337127685546875
7.319546461105347
8.210438251495361
0.31813478469848633
1.2544889450073242
2.9523444175720215
2.6933937072753906
3.0986995697021484
5.058859586715698
3.729168653488159
2.8358588218688965
8.696241855621338
0.34467506408691406
4.159505128860474
8.519657611846924
0.3283054828643799
6.480690956115723
8.289592027664185
0.31089329719543457
3.0108909606933594
0.5599758625030518
6.714921236038208
3.6845123767852783
2.202195882797241
3.4741976261138916
4.6306312084198
6.403268814086914
7.406069755554199
0.31191229820251465
4.671267032623291
6.463163375854492
8.064851522445679
0.31208014488220215
3.0712013244628906
3.7854511737823486
7.640406847000122
0.3068101406097412
0.7862982749938965
5.006888151168823
1.5662992000579834
7.611839294433594
2.636690855026245
4.353353023529053
6.3790552616119385
3.8465349674224854
6.577131748199463
8.260581016540527
0.33228540420532227
0.6378943920135498
4.9347617626190186
1.274907112121582
10.344146013259888
0.3813464641571045
7.719653606414795
0.31656360626220703
1.918071985244751
7.235113859176636
2.9832892417907715
1.892911434173584
8.522133111953735
0.31548118591308594
2.995816469192505
3.6125550270080566
2.7850260734558105
4.728711843490601
5.163824081420898
2.028855323791504
8.348034620285034
0.32538676261901855
1.4062211513519287
4.915795564651489
3.475114345550537
3.9058609008789062
7.38451361656189
0.3067338466644287
2.73077130317688
1.1983978748321533
2.5827910900115967
10.323642253875732
0.3871421813964844
6.292890310287476
5.647587537765503
3.660824775695801
4.655501127243042
4.51399564743042
4.600688219070435
2.499014377593994
1.9247734546661377
3.872628927230835
2.218099355697632
6.047096490859985
6.3128743171691895
7.047068357467651
1.0312912464141846
8.723434209823608
0.32582712173461914
1.087268590927124
6.02657151222229
6.586422681808472
8.569461345672607
0.35434412956237793
7.224681854248047
0.3191201686859131
1.3114783763885498
5.15633487701416
2.07914662361145
8.357719898223877
0.34015750885009766
0.20665979385375977
7.883543252944946
0.3170607089996338
1.9082427024841309
7.616777181625366
0.3052947521209717
7.89272403717041
0.33948230743408203
2.1821932792663574
5.363503456115723
2.453852891921997
3.4363298416137695
9.517776250839233
0.36308979988098145
2.9844396114349365
6.172249794006348
3.762073278427124
2.0353505611419678
6.285301923751831
5.922217845916748
2.850398302078247
4.616052865982056
2.5116074085235596
4.631145715713501
2.4003806114196777
3.245480537414551
4.706223011016846
6.085713148117065
4.723052501678467
5.032982110977173
2.2040135860443115
5.6339499950408936
2.5350654125213623
3.7074220180511475
1.8688445091247559
2.8363540172576904
3.921149492263794
1.0990066528320312
4.306307315826416
3.003662109375
2.2799201011657715
2.8334035873413086
3.373288154602051
6.10089111328125
2.560011625289917
4.063686370849609
5.135307788848877
9.348695993423462
0.3651421070098877
2.872652053833008
2.049358367919922
4.274012565612793
6.17894434928894
2.9769744873046875
8.223949670791626
0.3117961883544922
1.5606794357299805
2.6624364852905273
2.364029884338379
4.08329963684082
3.433145761489868
1.64298415184021
9.230301141738892
0.3439328670501709
1.3947598934173584
5.161174297332764
1.6222164630889893
2.6032938957214355
3.809598445892334
2.436551094055176
2.5509135723114014
2.640061378479004
3.707350015640259
3.9642343521118164
1.0850069522857666
1.3929431438446045
3.642791271209717
3.7137672901153564
3.6209535598754883
6.69426703453064
7.582786560058594
0.3183479309082031
1.8338701725006104
3.3194148540496826
2.662626028060913
8.17336630821228
0.31845593452453613
2.7645134925842285
3.545379638671875
3.7772281169891357
1.1947507858276367
10.458099603652954
0.38200807571411133
1.0310556888580322
8.360956192016602
0.3152308464050293
1.0862209796905518
6.585011959075928
2.81699275970459
3.0765504837036133
2.91117000579834
2.7415409088134766
1.3204269409179688
5.503678321838379
3.9152514934539795
5.067593812942505
1.852499008178711
2.8859405517578125
2.583667278289795
2.37575364112854
3.518547296524048
1.9516541957855225
5.387228965759277
6.343320369720459
3.872652769088745
4.0347936153411865
1.7002828121185303
1.9154911041259766
2.436919927597046
3.1191494464874268
3.3768434524536133
3.335951089859009
9.153067827224731
0.3494901657104492
6.900658130645752
0.30623865127563477
2.09466814994812
2.991844415664673
6.294621467590332
5.427738904953003
2.080446720123291
2.3253016471862793
1.3617234230041504
4.469619512557983
3.565911293029785
8.409851789474487
0.3294517993927002
2.216036558151245
1.4572949409484863
3.602104425430298
6.820805072784424
1.7906889915466309
10.45984673500061
0.3904752731323242
1.6086492538452148
4.243741750717163
1.6560227870941162
3.2004470825195312
2.9744629859924316
2.362285852432251
4.802631855010986
6.650553941726685
3.1942148208618164
4.927042722702026
8.119102001190186
0.3211202621459961
1.5580153465270996
3.2423665523529053
8.92056131362915
0.34252190589904785
5.919757127761841
4.807891368865967
4.069896221160889
7.074589967727661
6.140780687332153
2.212634801864624
1.3872413635253906
7.845033168792725
0.30458736419677734
2.370253324508667
3.377553701400757
6.39210844039917
4.309442043304443
4.111211776733398
7.439871311187744
0.3189859390258789
3.4387574195861816
3.6336984634399414
5.583479881286621
5.435766220092773
2.419555187225342
10.00935435295105
0.37978124618530273
5.678630590438843
6.039687633514404
3.676361322402954
3.9697043895721436
2.686699390411377
5.356777667999268
1.2954044342041016
2.0268959999084473
3.3401615619659424
4.2232911586761475
1.8285291194915771
3.9393444061279297
4.728510856628418
5.961709499359131
4.900444030761719
3.253159523010254
2.4213647842407227
1.0967011451721191
6.370234966278076
2.5199806690216064
3.57859206199646
8.867764949798584
0.318223237991333
0.6841063499450684
2.597003698348999
3.7523019313812256
6.250071048736572
10.143035888671875
0.3908703327178955
7.565232276916504
0.3178417682647705
0.6612873077392578
6.639084100723267
8.3421151638031
0.318373441696167
1.813399314880371
5.765438795089722
1.497129201889038
3.430375814437866
9.970498085021973
0.37787365913391113
2.866766929626465
9.178022623062134
0.34488391876220703
2.2997238636016846
3.50747013092041
3.8743653297424316
1.7480769157409668
2.253107786178589
1.8273320198059082
4.838249683380127
6.288011789321899
0.8984057903289795
4.989477157592773
2.070819616317749
7.8778417110443115
0.31226515769958496
3.116847038269043
9.365276098251343
0.35451579093933105
3.6596474647521973
3.8274972438812256
3.403322696685791
1.1912708282470703
4.817728281021118
1.553985834121704
6.170623779296875
4.924301385879517
6.226295471191406
2.2693793773651123
2.1440560817718506
2.927907705307007
1.5847442150115967
4.984951019287109
3.4452266693115234
4.783635139465332
6.577245473861694
3.773373603820801
5.067794322967529
1.2568631172180176
3.421100616455078
5.390796899795532
2.515355110168457
3.973207473754883
4.608069658279419
7.877334356307983
0.31752705574035645
4.144989013671875
3.846156358718872
3.310023307800293
3.135465145111084
6.517481803894043
1.661198377609253
5.3406713008880615
4.460272789001465
3.277867317199707
3.58251953125
3.792332410812378
3.723466396331787
3.1400890350341797
2.268895149230957
2.9240643978118896
3.343515396118164
5.323918342590332
3.9095752239227295
3.186091661453247
4.687682628631592
1.7995877265930176
4.843576431274414
6.618853330612183
7.30570387840271
0.323256254196167
2.384310007095337
4.08211612701416
10.064037561416626
0.38097214698791504
1.7810237407684326
2.0134894847869873
1.9315199851989746
2.216871738433838
6.562334060668945
1.8740041255950928
1.5671470165252686
2.6516544818878174
9.155171155929565
0.35569310188293457
2.900317430496216
9.21769118309021
0.3621714115142822
4.751432180404663
2.1465604305267334
3.8442766666412354
3.658165454864502
3.0064356327056885
5.678796768188477
6.081362724304199
1.0696113109588623
1.741544246673584
8.442572355270386
0.3229095935821533
7.139092683792114
0.3138606548309326
4.340902328491211
3.6322498321533203
4.213987350463867
4.179903507232666
4.897106170654297
4.514272928237915
4.160720586776733
3.8060553073883057
2.984464168548584
3.183043956756592
2.594573497772217
7.937087535858154
0.3094451427459717
1.412323236465454
1.9630827903747559
4.8522186279296875
3.706671953201294
1.2568845748901367
3.223266124725342
1.8171114921569824
2.6014490127563477
10.459633588790894
0.3878822326660156
2.847334146499634
2.20532488822937
4.81474494934082
2.280287981033325
2.2347545623779297
3.85553240776062
3.041792869567871
2.8564884662628174
9.372698068618774
0.3587510585784912
1.1291894912719727
6.432320594787598
4.623466968536377
3.4112067222595215
1.6860942840576172
3.720791816711426
4.11144757270813
7.633631706237793
0.3074214458465576
1.4453856945037842
10.093852758407593
0.4015164375305176
2.820138692855835
1.4213168621063232
2.592236042022705
3.003016948699951
3.0981037616729736
4.347976922988892
2.2972145080566406
8.125490427017212
0.3166468143463135
8.558434963226318
0.3507075309753418
5.86545205116272
6.640285015106201
4.757195949554443
4.6540751457214355
5.367071628570557
2.3815624713897705
6.834359884262085
3.754375696182251
6.642398357391357
2.2698705196380615
6.761704921722412
6.273460149765015
4.867912292480469
6.400243759155273
3.373769521713257
9.212437391281128
0.3515608310699463
2.015753746032715
2.6621766090393066
3.6481435298919678
5.9352734088897705
2.2518198490142822
3.678718090057373
2.9985949993133545
2.041376829147339
7.875781774520874
0.3098771572113037
7.712563753128052
0.3230907917022705
2.291451930999756
3.5193252563476562
2.494943380355835
6.797356128692627
4.8708176612854
3.269263744354248
8.188571453094482
0.30983686447143555
4.1955320835113525
6.271711826324463
3.6834921836853027
5.448774576187134
4.858200550079346
8.354532957077026
0.31995177268981934
9.02355694770813
0.35729265213012695
1.038700819015503
3.3448657989501953
1.3405678272247314
2.049203395843506
1.6765084266662598
6.609095573425293
3.4706478118896484
3.6446590423583984
7.791541576385498
0.31506800651550293
7.746923446655273
0.3271758556365967
3.283203125
3.674835205078125
3.532660484313965
2.0559093952178955
2.090071201324463
7.105061769485474
2.8886210918426514
5.14107084274292
6.702356338500977
5.024627923965454
2.421931028366089
1.742798089981079
3.2895100116729736
3.3971307277679443
6.263108491897583
6.660995960235596
6.003235816955566
6.16968846321106
3.291083335876465
4.039015293121338
1.050065517425537
5.086283922195435
4.050481081008911
8.949813842773438
0.34980034828186035
1.6959893703460693
6.234515190124512
9.362357378005981
0.3561394214630127
4.520392179489136
5.6763293743133545
7.793172359466553
0.3142712116241455
3.4781997203826904
1.9819121360778809
1.3414573669433594
3.9936363697052
3.064307689666748
3.803985357284546
1.8048408031463623
8.527265071868896
0.33335232734680176
2.4380149841308594
6.386234760284424
4.155529975891113
9.980274438858032
0.37984681129455566
3.72064471244812
1.936307668685913
2.9630749225616455
1.3190984725952148
3.3409667015075684
2.235271453857422
2.111355781555176
1.1618306636810303
2.081026554107666
2.42539381980896
10.668945074081421
0.38907456398010254
9.404636144638062
0.3796834945678711
1.6857397556304932
1.3921623229980469
6.678111553192139
3.538978099822998
2.6013870239257812
1.2335474491119385
4.831988573074341
1.9572811126708984
2.8742146492004395
10.641168594360352
0.3903791904449463
3.159912347793579
1.1430320739746094
4.235835790634155
5.263807058334351
1.9662439823150635
1.861739158630371
5.0096354484558105
4.555033206939697
5.813916921615601
2.6801486015319824
3.9739699363708496
2.3200628757476807
3.6288211345672607
4.910748720169067
5.201882600784302
3.977619171142578
4.823241472244263
6.584322929382324
8.830374956130981
0.35834598541259766
2.5230116844177246
1.1667687892913818
5.782526254653931
3.110644817352295
1.5677833557128906
3.0631542205810547
9.097198963165283
0.35379767417907715
6.16656231880188
4.89084792137146
8.410991191864014
0.3130970001220703
1.319359540939331
4.76863169670105
3.5921895503997803
4.68256139755249
1.9993016719818115
10.541206359863281
0.3799004554748535
5.3655617237091064
2.0957024097442627
1.6730036735534668
6.667809724807739
0.9425961971282959
3.126620054244995
9.133881568908691
0.35617709159851074
3.594837188720703
4.0135462284088135
5.600294351577759
9.564485788345337
0.36495089530944824
2.6320042610168457
0.7131907939910889
7.290168285369873
0.8705391883850098
6.750525236129761
3.932204484939575
4.580658435821533
1.8351964950561523
2.0264499187469482
3.162353754043579
2.421557664871216
3.473463773727417
1.4854183197021484
3.3718221187591553
6.637114763259888
5.685153961181641
4.434637546539307
6.916468858718872
4.929210424423218
7.514276504516602
0.3079872131347656
6.953811407089233
0.304152250289917
2.4450454711914062
2.097947359085083
7.391168832778931
4.874258756637573
3.433176040649414
1.9129626750946045
9.460142612457275
0.3648712635040283
1.7441372871398926
5.466770172119141
3.601130962371826
2.7278943061828613
9.614946126937866
0.3581523895263672
3.234419345855713
2.126354694366455
1.4077987670898438
5.522795915603638
7.743687391281128
0.3008747100830078
2.226372241973877
0.7013895511627197
10.223186492919922
0.3781611919403076
6.734643459320068
2.7047088146209717
7.93522572517395
0.32775044441223145
0.6989459991455078
3.498807430267334
8.069604396820068
0.317493200302124
6.048547029495239
3.5268948078155518
8.321946144104004
0.31891322135925293
7.373912572860718
0.3102078437805176
2.129976987838745
3.4691832065582275
5.174033164978027
2.9628803730010986
3.1328625679016113
2.9587109088897705
8.022011756896973
0.3019261360168457
1.3457460403442383
3.064143657684326
6.362944841384888
6.373044490814209
3.3212053775787354
10.463404893875122
0.38858795166015625
2.9356138706207275
6.579933166503906
2.0677595138549805
3.6427223682403564
1.5803258419036865
2.767850875854492
4.96652364730835
6.328882217407227
1.7709403038024902
3.6578433513641357
7.852525949478149
0.309079647064209
6.864516973495483
8.178647518157959
0.31778407096862793
4.4302918910980225
3.5808136463165283
2.6153485774993896
5.642326593399048
4.440486431121826
5.0705389976501465
3.6111321449279785
1.9688940048217773
3.9908523559570312
2.4917821884155273
3.8085780143737793
4.472412824630737
5.247385740280151
2.0231094360351562
1.902508020401001
4.216630697250366
2.6859803199768066
5.529869079589844
4.882575511932373
3.6873276233673096
3.6808481216430664
9.079030752182007
0.3563823699951172
4.817221641540527
3.0714216232299805
1.7694575786590576
8.352138757705688
0.30776476860046387
0.6037638187408447
6.877295732498169
3.599416732788086
8.314026594161987
0.31537961959838867
8.711675643920898
0.3598506450653076
1.814687967300415
7.040177822113037
4.903524875640869
7.736621856689453
0.3025822639465332
9.793960094451904
0.37848711013793945
5.813089847564697
5.957276105880737
2.289594888687134
1.8290870189666748
5.62617826461792
5.9103991985321045
1.6468007564544678
6.630100250244141
2.649416923522949
9.72441053390503
0.36351585388183594
4.277758598327637
1.3252873420715332
2.1082546710968018
5.482050895690918
3.6268889904022217
9.154998540878296
0.35431504249572754
3.4587323665618896
1.3514881134033203
1.663700819015503
3.211322546005249
10.472642421722412
0.38751649856567383
6.3874499797821045
6.692326068878174
5.392902135848999
5.872186183929443
5.229926586151123
1.9765501022338867
2.8382046222686768
1.3555715084075928
8.094269752502441
0.3167459964752197
1.7461509704589844
3.133406162261963
4.827575206756592
9.471908569335938
0.36393237113952637
3.2504327297210693
3.2144649028778076
8.298434972763062
0.3263247013092041
4.1929848194122314
2.901285409927368
4.805853605270386
2.203402280807495
1.9107577800750732
2.866619825363159
5.531045913696289
4.765141010284424
2.5093228816986084
3.032689332962036
0.5847954750061035
7.07520604133606
3.878626823425293
9.214673519134521
0.3433253765106201
7.780697822570801
0.3255176544189453
6.89505410194397
0.3056015968322754
6.295815706253052
1.5549986362457275
4.8008716106414795
0.6654760837554932
4.229902744293213
1.1899189949035645
10.460754871368408
0.3917815685272217
3.964796781539917
2.0015549659729004
2.4156899452209473
2.0876901149749756
1.9733858108520508
2.5349044799804688
5.869476556777954
3.7070372104644775
3.7564971446990967
4.845361232757568
1.8843533992767334
5.523690938949585
3.529965877532959
3.573230028152466
1.9788756370544434
3.014281988143921
1.965768814086914
6.100384473800659
4.694260358810425
2.941875457763672
5.490935564041138
3.296374559402466
3.4648427963256836
8.128071069717407
0.3128092288970947
8.011788368225098
0.3367922306060791
4.21634840965271
5.2744364738464355
0.882493257522583
5.103778839111328
2.3728301525115967
2.0999341011047363
3.143653631210327
4.043217182159424
5.916503667831421
3.075305700302124
1.2852065563201904
3.58494234085083
1.0619192123413086
3.775526285171509
2.49603271484375
4.000051736831665
5.381030321121216
8.506450653076172
0.3300611972808838
3.115316867828369
2.9596409797668457
3.5304017066955566
0.9840061664581299
9.207340240478516
0.37003469467163086
2.6579172611236572
9.329879999160767
0.3659787178039551
3.410599946975708
4.833092451095581
5.239421367645264
4.430275917053223
2.8686861991882324
8.567068099975586
0.3390374183654785
2.4504454135894775
9.349050045013428
0.3622701168060303
3.236733913421631
6.458955526351929
2.6639575958251953
1.5447304248809814
5.5431883335113525
4.376673936843872
4.135524034500122
4.6874072551727295
1.1268632411956787
6.522451162338257
2.4334514141082764
2.9403178691864014
5.666688919067383
9.088237285614014
0.3553333282470703
1.3099024295806885
4.0456953048706055
7.59751296043396
0.31636667251586914
5.380900144577026
2.2495388984680176
8.577123880386353
0.3341028690338135
3.3579511642456055
2.253502130508423
3.1386654376983643
3.4062323570251465
1.1017529964447021
3.7350711822509766
3.4857735633850098
4.655568838119507
7.474117040634155
0.30080199241638184
3.343473196029663
3.6521413326263428
9.12131953239441
0.35334229469299316
3.387819528579712
7.948534965515137
0.3102080821990967
4.611600160598755
2.996633529663086
8.112521648406982
0.3143434524536133
3.5687427520751953
2.4326043128967285
1.165635585784912
9.656038522720337
0.35252904891967773
4.584524869918823
2.1815237998962402
1.2126643657684326
2.4777824878692627
5.489752531051636
8.84658169746399
0.3558073043823242
0.9726722240447998
6.193413257598877
1.4268133640289307
5.232193470001221
9.895246982574463
0.3797616958618164
1.0993704795837402
3.8866078853607178
7.4919562339782715
3.0504963397979736
2.851273536682129
2.9151611328125
2.262141704559326
2.3685550689697266
3.788250207901001
5.895527124404907
8.903120279312134
0.35265159606933594
0.5007321834564209
10.700515747070312
0.39502406120300293
1.2636642456054688
3.1739726066589355
3.0425829887390137
4.84845232963562
4.018970727920532
3.428391695022583
1.5541002750396729
2.1243834495544434
2.4102859497070312
1.832120656967163
8.062254428863525
0.3013639450073242
2.3511719703674316
5.005151748657227
9.044042110443115
0.3569755554199219
4.226109743118286
1.6811449527740479
3.0809590816497803
3.5287671089172363
2.034970760345459
9.175385475158691
0.3484666347503662
6.807811975479126
3.2555999755859375
2.838602066040039
8.146914720535278
0.32007622718811035
2.8862550258636475
3.209536075592041
3.6883511543273926
1.1214067935943604
1.5241317749023438
3.0866611003875732
3.9425010681152344
8.147028923034668
0.3113830089569092
8.264042615890503
0.345597505569458
3.2063965797424316
3.1186940670013428
3.6582815647125244
1.989417552947998
2.2260634899139404
2.0236940383911133
4.938257455825806
6.2902421951293945
2.185657024383545
1.2135045528411865
8.3864426612854
0.31610584259033203
4.278516530990601
4.383920669555664
5.010830879211426
4.866363763809204
2.991431713104248
4.825320243835449
1.2087409496307373
1.2699358463287354
10.621800422668457
0.38037586212158203
2.6127679347991943
1.8711175918579102
0.8599498271942139
6.968605995178223
1.8741872310638428
7.590863227844238
0.31128501892089844
1.3843340873718262
8.39418649673462
0.3492240905761719
1.0165493488311768
6.55769157409668
2.14021897315979
3.5046536922454834
2.1719722747802734
5.102854490280151
2.501235246658325
2.81723952293396
3.050612211227417
3.6433849334716797
2.0836219787597656
2.6580748558044434
7.802924394607544
0.310971736907959
3.866072416305542
1.457613229751587
2.2997050285339355
7.572648286819458
0.3029916286468506
9.032893657684326
0.35730767250061035
4.093783140182495
1.4392266273498535
5.331500291824341
3.350590467453003
6.69063663482666
10.151732683181763
0.3814992904663086
3.1811351776123047
1.9752142429351807
9.521016597747803
0.35300779342651367
1.8304693698883057
1.7742531299591064
2.449967622756958
6.95130467414856
10.200090885162354
0.3927321434020996
5.256319999694824
2.8499350547790527
1.4378066062927246
3.1851491928100586
3.821604013442993
7.594454526901245
0.30648016929626465
5.065321683883667
5.099419116973877
3.391526222229004
3.1187241077423096
4.167032480239868
3.7124478816986084
3.6463050842285156
3.3352229595184326
6.471137285232544
3.3722662925720215
7.824283599853516
0.31154942512512207
2.086564064025879
3.451754570007324
2.9171483516693115
5.217976331710815
3.848785400390625
3.193591594696045
5.717716455459595
4.873916864395142
3.6064653396606445
6.617602348327637
8.418427228927612
0.33223557472229004
1.6585617065429688
6.529351711273193
2.953737735748291
4.652275085449219
7.056969881057739
9.27734112739563
0.36438655853271484
6.07017970085144
3.313758611679077
6.231778621673584
7.826534271240234
0.31313180923461914
3.1030614376068115
2.7075119018554688
4.115070819854736
4.683011054992676
4.558155059814453
3.8591344356536865
1.7684738636016846
3.419685125350952
2.713705539703369
3.43192982673645
4.715926885604858
5.85875940322876
2.7489571571350098
1.8928563594818115
2.7194252014160156
2.5570950508117676
4.721198081970215
4.0480287075042725
4.756129741668701
2.1454925537109375
3.074658155441284
1.5630428791046143
3.985161542892456
2.932476758956909
4.7798707485198975
2.7939963340759277
3.0137429237365723
4.607607841491699
2.9211044311523438
5.451786994934082
3.415126323699951
1.2362442016601562
0.8938589096069336
3.511545181274414
4.635741472244263
5.34810996055603
6.81878924369812
6.672340393066406
9.264452934265137
0.361814022064209
4.754673719406128
2.5236377716064453
1.1685163974761963
7.394546270370483
3.509948492050171
1.8589882850646973
7.731314182281494
0.31383633613586426
0.6717305183410645
4.108777761459351
2.118468999862671
2.6651926040649414
1.910679817199707
4.2288031578063965
4.769821405410767
2.98195743560791
1.6375327110290527
4.921677827835083
3.4439518451690674
0.6916475296020508
3.786635160446167
3.6789259910583496
1.7380800247192383
8.771502256393433
0.3191957473754883
6.651726245880127
4.4529032707214355
6.095680236816406
2.3683223724365234
1.2707810401916504
3.1892764568328857
5.270624160766602
7.137137413024902
0.31851816177368164
2.793126344680786
1.7208311557769775
4.126214504241943
9.374356508255005
0.3543968200683594
8.743873596191406
0.34209275245666504
2.4952545166015625
3.8120622634887695
3.960268259048462
3.7008674144744873
9.24839162826538
0.35694003105163574
1.8434233665466309
3.0810747146606445
9.574414014816284
0.36077451705932617
0.5333104133605957
1.9000165462493896
5.070728778839111
2.204923152923584
3.678341865539551
1.226011037826538
3.1302990913391113
3.612867593765259
2.958466053009033
6.500861406326294
8.228114128112793
0.3327059745788574
9.007099151611328
0.36213088035583496
6.832362651824951
0.30181145668029785
5.226154327392578
2.3153934478759766
2.321218252182007
6.661504745483398
4.6981306076049805
3.5727431774139404
3.0861146450042725
6.632570743560791
3.625593423843384
3.2422287464141846
1.6423099040985107
1.937990665435791
2.715153217315674
3.779094934463501
10.561131477355957
0.3792266845703125
3.097212314605713
1.7581100463867188
8.210208177566528
0.31676816940307617
1.3578763008117676
2.7302021980285645
1.7376961708068848
8.389607906341553
0.306368350982666
1.2596979141235352
5.290922403335571
1.8867616653442383
3.500218152999878
7.704821825027466
0.304821252822876
4.4933762550354
5.551503419876099
4.588499307632446
1.8328123092651367
9.227417469024658
0.35792088508605957
3.486515760421753
3.559955358505249
2.056818962097168
3.1990766525268555
9.364787578582764
0.3647775650024414
0.22565746307373047
4.760016679763794
2.0271570682525635
1.8396809101104736
1.3304948806762695
2.7798333168029785
3.9365036487579346
2.6097867488861084
3.6168127059936523
1.6771271228790283
2.019035816192627
3.1182000637054443
3.6941027641296387
3.631013870239258
1.659555196762085
7.854304313659668
0.3131747245788574
7.493000745773315
0.31989622116088867
5.699686527252197
4.931194067001343
9.039002180099487
0.34360384941101074
6.040503740310669
5.054739236831665
2.7953877449035645
7.516154766082764
0.3046607971191406
2.847014904022217
6.417858362197876
3.597590208053589
4.05630898475647
6.62030291557312
1.310967206954956
2.5416808128356934
1.3094263076782227
4.050012588500977
1.7729787826538086
4.155455827713013
4.781031847000122
6.289315700531006
3.5897843837738037
3.5914385318756104
4.889563798904419
6.6951117515563965
3.4263148307800293
6.2375404834747314
1.48661208152771
5.47344708442688
1.8048927783966064
7.637431383132935
0.29763007164001465
9.148236274719238
0.36806678771972656
3.100076198577881
6.135802268981934
5.095779895782471
1.0457792282104492
7.8998863697052
0.3202381134033203
4.690352916717529
3.033000946044922
1.7524523735046387
3.8032257556915283
5.136774063110352
6.581377029418945
2.31404447555542
2.4070446491241455
1.7396681308746338
1.3371834754943848
3.7097394466400146
6.674181938171387
5.3749799728393555
4.817356586456299
6.679690361022949
5.0756261348724365
6.284887075424194
3.544506072998047
4.726380825042725
9.115910530090332
0.3560035228729248
3.1996960639953613
2.909489154815674
3.982896089553833
3.029216766357422
3.6060283184051514
10.40611743927002
0.37812018394470215
3.099705934524536
9.815711498260498
0.38292574882507324
2.2319512367248535
2.316439151763916
3.113063097000122
3.1892294883728027
2.9387075901031494
2.1204795837402344
2.312425374984741
1.3048577308654785
6.659861087799072
2.0061910152435303
1.9466042518615723
3.9540305137634277
1.876539707183838
9.657193183898926
0.35944533348083496
5.965436220169067
1.9643595218658447
6.260645627975464
4.6781840324401855
3.978691816329956
1.4118788242340088
3.8855698108673096
6.100788116455078
1.7585911750793457
10.407701969146729
0.38319969177246094
1.4152884483337402
2.1413791179656982
10.300308465957642
0.3900456428527832
2.4436960220336914
8.293172121047974
0.3262653350830078
3.389225721359253
10.002855062484741
0.37827634811401367
7.717156887054443
0.32240962982177734
3.1259329319000244
1.9705498218536377
8.538813591003418
0.32422304153442383
0.8859355449676514
3.1092171669006348
1.2664217948913574
1.3767340183258057
3.924859046936035
5.512685060501099
10.038018465042114
0.3838498592376709
1.7849881649017334
2.361664295196533
9.470386981964111
0.35408806800842285
3.1962881088256836
6.268407583236694
3.078904867172241
3.840106964111328
4.2831504344940186
3.4526312351226807
1.3051261901855469
3.2110090255737305
9.277872323989868
0.3521602153778076
5.748872756958008
2.6425325870513916
9.986645221710205
0.37792515754699707
3.0770647525787354
8.840623617172241
0.35114502906799316
2.5792205333709717
1.48563551902771
3.7260873317718506
3.7196919918060303
1.8967325687408447
3.948362350463867
5.2031409740448
1.9039618968963623
7.476242780685425
1.9288740158081055
4.238523483276367
9.948582410812378
0.377349853515625
3.041123628616333
2.453221559524536
4.351816415786743
8.111795663833618
0.3095409870147705
3.4983673095703125
1.296726942062378
2.9683127403259277
1.221076250076294
10.555992841720581
0.39003968238830566
7.8583664894104
0.31975317001342773
2.15579891204834
2.0685837268829346
9.635669469833374
0.36200642585754395
4.226973533630371
7.001072645187378
0.4919764995574951
3.5029895305633545
6.3557448387146
1.5967073440551758
3.681414842605591
1.742842435836792
3.138742208480835
2.9656622409820557
3.2974772453308105
1.898900032043457
2.4004995822906494
4.038581609725952
1.7489557266235352
9.5966637134552
0.35651445388793945
3.191734790802002
3.2177650928497314
2.673387289047241
5.4886579513549805
9.72709321975708
0.36698269844055176
5.535637855529785
4.475715398788452
3.6519246101379395
7.366819143295288
7.711794853210449
0.3170013427734375
3.7849133014678955
1.786595106124878
4.871748924255371
7.85353946685791
0.3173980712890625
3.619863986968994
3.4734151363372803
1.1619484424591064
3.5436620712280273
7.962057590484619
0.3132619857788086
2.4121530055999756
3.3943960666656494
2.9805474281311035
6.030782699584961
8.080472946166992
0.33179807662963867
4.268099069595337
9.446620225906372
0.35434675216674805
2.9714648723602295
5.040502071380615
3.303091287612915
3.624384880065918
2.3308467864990234
3.4294657707214355
2.1427996158599854
0.7257530689239502
6.478463411331177
3.855736494064331
4.396452903747559
1.3104562759399414
2.2688894271850586
5.695364236831665
10.065841674804688
0.3426690101623535
3.540637254714966
6.1161558628082275
6.131581783294678
4.2102460861206055
2.1218936443328857
4.108029365539551
1.269834041595459
4.426954984664917
7.173214673995972
2.681609630584717
2.3198165893554688
3.14045786857605
3.27111554145813
6.637407064437866
9.162235736846924
0.35959768295288086
2.6468348503112793
4.678966999053955
2.6481547355651855
1.9390666484832764
4.97632098197937
5.032258987426758
4.042717456817627
1.522897720336914
1.8553860187530518
1.333416223526001
6.417848348617554
5.177968263626099
3.8697621822357178
7.789007663726807
0.3023855686187744
2.5516343116760254
8.008108615875244
0.31478357315063477
9.992751359939575
0.3867228031158447
4.4971489906311035
5.429687023162842
10.089697122573853
0.3873927593231201
1.7790570259094238
6.472151041030884
6.359525203704834
1.8568980693817139
2.780441999435425
7.916191577911377
0.3116743564605713
3.356234073638916
9.395955562591553
0.36414146423339844
1.8623676300048828
2.0526185035705566
3.0662951469421387
3.5325746536254883
4.132235765457153
3.521219491958618
1.4364092350006104
5.4154908657073975
3.469261884689331
7.529387474060059
0.3120913505554199
3.516425371170044
3.1440718173980713
2.417492151260376
1.8831608295440674
8.439982175827026
0.31977105140686035
2.467958688735962
2.5457146167755127
2.5265212059020996
4.957393646240234
7.563500165939331
0.3065986633300781
1.4686670303344727
4.136753559112549
4.966491460800171
3.6439356803894043
4.416622638702393
3.584946870803833
9.794561862945557
0.36150145530700684
2.7658095359802246
1.6525630950927734
2.4510414600372314
5.292335271835327
3.215017557144165
4.007216691970825
2.781712055206299
3.3056869506835938
10.102725982666016
0.3616170883178711
5.400616407394409
7.938061952590942
0.347489595413208
2.6667580604553223
2.1742684841156006
4.829474925994873
2.400028944015503
2.4565908908843994
4.908205509185791
2.579596996307373
1.4980065822601318
3.9920904636383057
4.153578519821167
10.199856281280518
0.3789381980895996
1.7660200595855713
4.2014243602752686
3.1207025051116943
1.907280445098877
1.6240074634552002
8.072986125946045
0.31986260414123535
2.2571191787719727
1.8861401081085205
3.6284937858581543
8.176752090454102
0.3128633499145508
9.016542673110962
0.3649022579193115
6.962668418884277
0.29477667808532715
3.0366759300231934
6.8567609786987305
4.6021363735198975
6.472265958786011
5.111748933792114
1.0821213722229004
4.162748336791992
6.433767557144165
2.8247017860412598
3.1743204593658447
1.6410880088806152
3.784785032272339
1.2570838928222656
2.5525057315826416
3.601813554763794
3.088385581970215
2.497027635574341
4.321903228759766
6.9268200397491455
5.9775025844573975
3.3001649379730225
7.3030054569244385
2.11076021194458
7.592103719711304
5.103356838226318
4.197970867156982
3.8231160640716553
5.570080995559692
3.021677017211914
3.463972568511963
3.6841492652893066
4.846161127090454
2.07238507270813
2.2706661224365234
2.8390052318573
2.7097229957580566
3.9028866291046143
6.503996133804321
5.361162185668945
2.921891927719116
1.9292480945587158
6.0712690353393555
7.531222581863403
0.31223034858703613
3.6044821739196777
6.317967891693115
9.556392908096313
0.36127281188964844
7.0836920738220215
0.30422401428222656
2.269282579421997
3.2487528324127197
2.3020665645599365
2.0830795764923096
2.143402576446533
1.5693724155426025
3.8023414611816406
5.176610946655273
1.8182358741760254
1.3189952373504639
2.156158685684204
3.6624748706817627
2.4837841987609863
4.269388675689697
2.1480612754821777
2.6562187671661377
2.5194718837738037
1.3354406356811523
7.638763904571533
0.3054018020629883
3.922219753265381
10.157894372940063
0.3769259452819824
2.6114842891693115
2.0576415061950684
6.317240476608276
4.683874607086182
3.4841842651367188
3.2109036445617676
1.990264892578125
0.8088283538818359
1.6261284351348877
3.5237269401550293
2.569330930709839
4.881980657577515
4.787190198898315
1.7312028408050537
5.015168905258179
1.9313933849334717
4.1805901527404785
1.808429479598999
3.668382167816162
2.6216955184936523
9.048443078994751
0.35899925231933594
1.4506745338439941
4.368206739425659
3.60209321975708
2.2145376205444336
4.076980113983154
1.8120265007019043
8.109448194503784
0.30780601501464844
1.2513525485992432
9.495509624481201
0.3603851795196533
4.71953010559082
8.001729011535645
0.32067275047302246
5.713708400726318
1.785677194595337
3.857234239578247
3.3817713260650635
7.190860271453857
5.360511302947998
6.681114673614502
1.6643502712249756
3.225334644317627
3.4436089992523193
4.135827302932739
4.622766733169556
6.271234750747681
3.6725142002105713
2.020900249481201
2.9188156127929688
2.560640573501587
6.249921083450317
4.304688215255737
2.493487596511841
9.686264514923096
0.35123109817504883
4.55742621421814
5.2751429080963135
4.874579668045044
3.777956247329712
7.700211048126221
0.30568885803222656
9.938446998596191
0.38687777519226074
0.22418475151062012
3.2165873050689697
1.9452240467071533
2.5038034915924072
4.84136962890625
1.690779685974121
9.61011290550232
0.3557147979736328
2.6468377113342285
7.161765098571777
3.0355377197265625
4.1183085441589355
1.7781527042388916
4.829155445098877
6.448599815368652
2.215245485305786
4.251908540725708
6.145810604095459
0.9386885166168213
2.0393056869506836
7.487707853317261
1.7079460620880127
8.257693767547607
0.32442569732666016
4.8518006801605225
2.0180509090423584
2.488633155822754
2.546079635620117
5.52453875541687
1.923558235168457
9.57142424583435
0.36152005195617676
1.1443417072296143
7.896255970001221
0.30791735649108887
1.4781129360198975
6.159848213195801
3.3677308559417725
6.833796739578247
4.475231409072876
2.7521402835845947
7.091353893280029
7.124556064605713
5.133072137832642
9.32388687133789
0.3595919609069824
3.7746493816375732
2.77785325050354
4.891064643859863
1.2213554382324219
3.9845616817474365
3.3755483627319336
6.808995962142944
1.5119907855987549
9.821576356887817
0.3540959358215332
2.088857650756836
5.628491640090942
6.967352390289307
4.444384813308716
1.254899501800537
2.2552599906921387
3.004350185394287
6.6837546825408936
5.248528480529785
4.075234651565552
1.7638936042785645
7.177655935287476
3.4068033695220947
9.495340585708618
0.3595118522644043
1.9033472537994385
3.762533664703369
3.4407689571380615
8.25299596786499
0.3187224864959717
7.403110027313232
0.3001565933227539
1.3822638988494873
3.5702476501464844
1.9993019104003906
4.934724569320679
2.5731611251831055
5.3445351123809814
2.1367545127868652
2.115525960922241
1.675426959991455
9.172425508499146
0.3495175838470459
3.7464685440063477
6.493819952011108
4.40601110458374
2.5575082302093506
7.835940837860107
0.3144962787628174
2.5421717166900635
4.952303171157837
3.0029003620147705
3.7328953742980957
4.032551288604736
3.6334612369537354
9.630307674407959
0.3626399040222168
1.431947946548462
6.6816465854644775
1.661937952041626
4.835934162139893
3.327359199523926
2.558425188064575
3.480647087097168
3.524061441421509
2.366203546524048
2.3483455181121826
1.3481063842773438
7.823822259902954
6.3131263256073
5.3381664752960205
9.183136701583862
0.35197901725769043
3.4105210304260254
1.2193357944488525
4.972708225250244
1.3057575225830078
2.2499125003814697
2.628251552581787
7.844630002975464
0.3032248020172119
2.3379716873168945
2.9676613807678223
6.08867621421814
1.1962707042694092
3.964611530303955
4.676145553588867
9.330985069274902
0.38417530059814453
7.899203538894653
0.33558225631713867
0.7760083675384521
3.2185587882995605
1.155073881149292
5.094772577285767
2.338740110397339
3.442135810852051
6.65491247177124
0.47473573684692383
4.119629144668579
3.7410311698913574
3.5719380378723145
3.515908718109131
6.302757501602173
4.498654365539551
8.095222234725952
0.3136453628540039
2.9783682823181152
10.036224126815796
0.37986040115356445
1.0392937660217285
6.713353872299194
3.979484796524048
7.950772523880005
0.3248589038848877
2.6767866611480713
3.669797658920288
10.006264925003052
0.3644731044769287
2.079024314880371
6.7081615924835205
6.326329469680786
6.812114477157593
3.8136098384857178
1.6874456405639648
2.3025858402252197
8.316694021224976
0.30206990242004395
1.518179178237915
2.5723657608032227
4.247938394546509
6.087114334106445
3.870993137359619
2.9577443599700928
3.687433958053589
3.1383540630340576
7.728215456008911
0.3057982921600342
1.2416818141937256
3.2048215866088867
3.696425676345825
6.834664821624756
3.2696547508239746
4.280120849609375
1.8308155536651611
2.615520715713501
3.3859751224517822
2.5240652561187744
9.850579977035522
0.35870909690856934
9.151209592819214
0.35767602920532227
5.683422327041626
4.06570839881897
3.5946617126464844
4.080780744552612
3.1372792720794678
5.080647706985474
2.2844347953796387
4.28596830368042
5.529744863510132
9.259089708328247
0.3594834804534912
5.396303653717041
3.586542844772339
1.408315658569336
4.372387409210205
6.6550493240356445
5.076023101806641
2.274580240249634
2.65891432762146
3.359762191772461
1.7649343013763428
2.3652422428131104
2.3945257663726807
1.8351047039031982
2.9870266914367676
4.7329723834991455
1.9699931144714355
3.1751229763031006
7.55800986289978
0.3027663230895996
4.424977779388428
1.0267798900604248
3.6990206241607666
7.289656162261963
3.202500581741333
6.565000057220459
2.4093008041381836
5.169868469238281
7.988697528839111
0.31673741340637207
1.9005510807037354
2.855659246444702
7.245733976364136
3.8165171146392822
4.902815580368042
8.006375551223755
0.31824207305908203
3.1234819889068604
2.768224000930786
8.512884855270386
0.32387208938598633
8.689262866973877
0.3528592586517334
3.3748819828033447
3.675417184829712
1.7245256900787354
4.13401985168457
4.082391262054443
3.513967275619507
4.792958736419678
3.842799425125122
6.2641260623931885
7.170353889465332
1.3575482368469238
5.421043634414673
7.869288444519043
0.3136100769042969
1.933211088180542
4.912470817565918
1.3980746269226074
1.466087818145752
6.154220819473267
4.938405275344849
2.2144200801849365
2.957664966583252
3.5528194904327393
4.730808734893799
3.2904629707336426
6.857023000717163
1.146796703338623
6.169056177139282
2.217193126678467
4.30849027633667
7.56915020942688
3.285057306289673
2.3857181072235107
3.646448850631714
4.06727147102356
3.7183258533477783
4.829347848892212
3.7246737480163574
6.059471130371094
5.777893543243408
3.6022534370422363
5.193345546722412
4.568488597869873
1.8142790794372559
6.947084188461304
1.5143468379974365
4.279632806777954
2.109748125076294
8.501963376998901
0.3186793327331543
3.2982170581817627
5.146625280380249
3.6080312728881836
6.9618072509765625
1.0647180080413818
3.932446002960205
3.879152774810791
3.0840554237365723
8.322412967681885
0.33185410499572754
1.7176108360290527
4.09379243850708
2.241705894470215
8.38057827949524
0.3260047435760498
1.4164187908172607
9.318092346191406
0.34700775146484375
6.378431558609009
9.315165042877197
0.3482694625854492
1.8026413917541504
3.617082357406616
4.939271688461304
8.107970237731934
0.31566309928894043
1.5810937881469727
7.908212900161743
0.29682159423828125
9.038546800613403
0.3576192855834961
5.4760401248931885
7.777331590652466
0.3105289936065674
1.5240161418914795
7.221276044845581
3.4053635597229004
2.643772602081299
2.4874420166015625
7.046457767486572
6.306159496307373
6.426597595214844
1.2858374118804932
4.701529026031494
3.9969403743743896
7.827579498291016
0.30165529251098633
7.5775837898254395
0.3217129707336426
9.962726593017578
0.3874318599700928
5.651929616928101
8.030726432800293
0.3271167278289795
1.4302177429199219
3.886378765106201
9.732917785644531
0.3718607425689697
2.508432626724243
2.627539873123169
2.222890615463257
3.621049404144287
7.7112836837768555
0.3120543956756592
1.7919039726257324
1.6769988536834717
3.9115190505981445
3.5091357231140137
3.7749850749969482
4.688501834869385
2.089116096496582
5.238795518875122
3.7555527687072754
2.0091803073883057
9.698773622512817
0.359682559967041
2.221842050552368
3.7463531494140625
4.665377855300903
1.187422275543213
1.787135362625122
8.464709281921387
0.3529484272003174
6.207335948944092
2.157599687576294
3.7235546112060547
4.8904619216918945
4.918599367141724
3.893430233001709
8.854285478591919
0.3533599376678467
3.3608686923980713
4.454240560531616
2.3218116760253906
4.109299898147583
4.992569208145142
4.0472495555877686
3.5804331302642822
4.597724676132202
9.001383066177368
0.34398746490478516
4.453472137451172
2.3885107040405273
2.0846059322357178
2.2994229793548584
6.963220596313477
1.3090550899505615
3.417090654373169
3.5776453018188477
1.532299280166626
5.775434732437134
2.087714433670044
10.350092649459839
0.3868370056152344
1.977980136871338
4.97339391708374
2.537045478820801
4.252036809921265
1.7925314903259277
4.125856876373291
1.0279734134674072
5.776353359222412
2.141406297683716
3.912339687347412
3.72234845161438
4.110313177108765
7.434133291244507
2.838453531265259
6.286474943161011
2.8427414894104004
3.3033430576324463
1.2600538730621338
6.5441954135894775
5.584406137466431
3.8102869987487793
2.833859443664551
1.3014883995056152
1.00168776512146
2.6019885540008545
2.2409253120422363
3.1841328144073486
7.355205774307251
0.31084680557250977
2.7435381412506104
4.517141819000244
2.2530436515808105
8.048380136489868
0.3534088134765625
4.692076683044434
0.5866303443908691
2.977769613265991
3.7857325077056885
2.958705425262451
4.532616376876831
3.996091365814209
2.059561252593994
3.465642213821411
2.403521776199341
7.833500862121582
0.31876659393310547
2.998215913772583
1.7138299942016602
9.214134454727173
0.3580319881439209
1.8527867794036865
3.785250186920166
8.698543310165405
0.3357527256011963
0.787830114364624
9.457295656204224
0.3604307174682617
0.7589111328125
3.266529083251953
3.0655710697174072
6.52200722694397
3.091785430908203
1.3871679306030273
5.068487644195557
4.708278179168701
4.114989757537842
3.6572701930999756
8.692525863647461
0.3305068016052246
6.860274314880371
0.31015777587890625
5.790170431137085
4.772554159164429
2.8608274459838867
3.787644386291504
4.020593166351318
5.432925701141357
6.381569147109985
4.0616371631622314
8.776700735092163
0.31931376457214355
7.720883846282959
0.3450756072998047
0.548245906829834
9.095234155654907
0.33519983291625977
7.6625988483428955
0.3141806125640869
7.676451921463013
0.31654930114746094
6.486185312271118
2.152757406234741
4.0201756954193115
4.990297317504883
2.4535257816314697
4.840184688568115
4.527503490447998
2.5632293224334717
2.138336420059204
2.9076075553894043
3.8275208473205566
9.17734694480896
0.3222973346710205
1.8615670204162598
4.639336109161377
7.110066890716553
2.4075536727905273
11.075194358825684
0.37958645820617676
0.836249828338623
1.7965309619903564
5.497492790222168
5.5627758502960205
4.750808000564575
3.850200891494751
2.7875888347625732
3.5314462184906006
3.791970729827881
4.52276873588562
3.8908143043518066
1.8760454654693604
6.696737766265869
3.34383225440979
6.806154251098633
2.99605131149292
10.27985429763794
0.3878469467163086
2.877152442932129
3.579389810562134
6.513246774673462
6.462738513946533
1.3194339275360107
3.143566846847534
5.054699182510376
4.573786973953247
3.6940195560455322
3.2676329612731934
4.610254526138306
3.5122413635253906
3.664548873901367
2.8719682693481445
7.25333571434021
7.157855987548828
0.3037986755371094
5.449795246124268
2.930316209793091
2.3178153038024902
4.010873079299927
4.038698673248291
3.1910922527313232
9.139195919036865
0.36270952224731445
8.830076932907104
0.36247777938842773
9.570080041885376
0.3872191905975342
1.4846818447113037
1.2711989879608154
1.240128517150879
6.370670795440674
2.485529899597168
2.0870168209075928
4.819442510604858
3.4814343452453613
2.4994277954101562
1.3598313331604004
2.022489309310913
3.3908591270446777
8.942543268203735
0.35416197776794434
4.561930894851685
5.076271057128906
3.3062174320220947
2.008150339126587
8.480004787445068
0.33065342903137207
2.041882276535034
2.364908218383789
5.0640082359313965
2.1606295108795166
2.349392890930176
1.4582054615020752
1.2913484573364258
1.9801559448242188
3.838315725326538
2.4922502040863037
2.5217432975769043
6.135056018829346
1.7670538425445557
2.2618515491485596
2.148667573928833
2.3150694370269775
9.93617558479309
0.3785359859466553
6.955246686935425
0.3284883499145508
3.063905715942383
1.3163771629333496
3.6154019832611084
2.6705243587493896
10.10926365852356
0.37862491607666016
3.485224485397339
3.2954816818237305
1.984363317489624
1.3905739784240723
2.03843355178833
4.277894973754883
3.5849368572235107
5.6419219970703125
3.1503913402557373
4.633514642715454
4.5934693813323975
6.479791641235352
3.4290835857391357
3.7825937271118164
6.077443361282349
3.525416612625122
2.6727912425994873
9.890101194381714
0.3827216625213623
3.130704164505005
6.480742931365967
3.0939457416534424
6.662492752075195
5.693904876708984
2.2603566646575928
4.202683687210083
2.221658229827881
5.090290307998657
4.747441053390503
