5.573077
5.5314627
5.4604945
5.578125
5.3965187
5.6252627
5.3282905
5.2739096
5.583966
5.2982216
5.1637964
5.6908445
5.6178045
5.7002964
5.0238843
4.947941
4.9111214
5.630828
5.869215
5.457462
4.9914727
5.702734
4.995771
6.015771
5.006318
5.053605
5.6136246
4.9233174
4.8708477
5.836392
4.9539757
4.7936935
4.801443
5.000134
5.737153
4.987612
5.991041
6.491202
4.770382
5.751559
5.8585916
5.6293983
5.5925007
5.090933
5.078853
5.191829
5.1900635
5.1347294
5.0123796
5.490769
5.622358
5.084539
5.334891
5.069801
5.5405912
5.048336
5.0648866
5.5553436
5.598051
5.046473
5.6045823
5.4751325
5.4998417
5.607053
5.62528
5.5142336
5.1429715
5.4788175
5.3997235
5.084502
5.603957
5.122268
5.45901
5.2060494
5.47342
5.450127
5.196162
5.589236
5.1355944
5.14807
5.426669
4.871282
5.006152
5.509974
5.4566517
5.6055317
6.0969234
4.9219627
4.69177
4.630208
5.6929097
4.7197137
4.452051
5.720363
4.334958
5.0382853
5.5880036
5.8776875
4.493213
4.246611
3.802543
5.52587
5.493215
4.227852
3.998029
3.9162428
5.5228662
4.272088
4.0631905
5.416874
5.79696
5.335647
3.9540095
3.9674952
3.7911627
3.7144272
3.715814
3.9956474
5.404998
5.323107
5.243355
5.280867
3.848797
3.6883202
3.6776123
5.099584
4.054965
5.109908
5.828355
4.014798
3.7085605
5.201091
3.6348855
3.6928449
5.1775417
4.995816
5.0263815
5.4370503
4.914588
5.0375957
4.0350547
4.8307962
4.753029
3.9445362
3.50327
3.7483068
4.7992306
4.783943
4.812369
4.742001
4.986381
4.5252533
4.560015
4.844825
4.793751
4.59005
4.6077704
4.60581
4.6746564
4.486899
4.5707307
4.4482174
4.0968394
3.854774
3.603035
4.7738566
4.6552153
4.664272
3.360799
3.5649476
3.8064828
5.5292435
4.6446314
3.8900044
3.451663
5.087276
3.35653
5.022739
4.6229353
3.5069396
4.502122
4.503822
4.662664
3.8163407
4.71728
3.3671224
3.2390137
4.5118904
3.3560843
3.3396955
4.4805865
3.3414664
4.4888673
4.4093585
4.3530536
3.4899004
3.2571175
2.9971707
3.11987
3.3638718
3.201541
3.0821974
3.198127
4.63991
4.522919
3.325045
3.842722
4.4163265
4.42922
4.346629
3.242518
4.376739
4.50122
4.5956078
3.3202474
3.2678561
3.1041896
3.108743
3.0209117
4.2273216
4.3969774
3.1255662
3.0030658
3.305014
2.9957495
4.3341265
2.8469787
4.1477427
4.2602916
4.4325356
3.2128773
3.1371112
2.4656525
2.982208
3.00817
2.8181326
4.1560054
4.3757296
4.1465526
2.8851178
3.0412433
4.0993648
2.970477
4.288741
4.58597
3.9982226
4.1584535
3.864469
2.8423178
2.5170774
4.294649
3.0211844
4.0762296
3.9060788
4.3107543
2.8474908
2.8757286
3.0213294
2.2960618
4.421095
2.7723312
4.0672135
3.9855282
2.6407094
4.1659527
4.0041304
2.761414
2.713635
2.3772645
2.7341225
3.8596156
2.893081
4.0846925
3.9551795
3.9692373
4.3190093
4.029815
3.7435937
3.6968923
3.8369431
2.9773839
2.261434
4.2484
3.864031
3.8470736
4.042025
3.9560003
3.4265604
3.0764198
2.9784791
3.9381373
2.8799431
4.1737876
3.812513
3.9042764
3.0220907
3.8269176
4.1165757
3.6849928
4.2026305
3.7495093
4.1284075
3.266336
3.779047
3.8705683
3.0724607
4.0385275
2.861843
4.2030807
3.9612443
2.5384612
3.7785738
3.7996192
3.5634737
3.7870388
3.6882644
4.118275
2.9276493
2.254771
2.8171937
2.6085198
3.8077476
2.7837317
3.7423244
2.8594623
2.469014
3.9133644
4.418593
2.9163382
3.8177593
3.6681962
3.6913595
2.6035244
3.0418293
3.9728687
3.7946584
4.0649467
3.1096122
4.0324197
2.4855995
3.676631
2.8554373
2.8153892
4.1334686
2.79145
2.1307185
3.9517124
2.5485115
2.508178
4.110784
3.9688559
4.158533
4.1032553
2.9420712
3.9685094
2.9645667
2.695507
2.660023
3.7043953
3.896183
2.6455965
2.8357134
3.9437385
4.054184
3.9991708
3.7608874
3.544595
3.6760664
3.5253959
3.7213025
3.8300455
3.654208
3.7666483
3.0130346
3.9035845
4.256727
3.869038
2.7503123
3.809311
3.5618372
2.5795112
2.057806
3.8899403
3.9594038
2.7500515
1.9988039
4.0389485
3.6321368
3.947668
2.7253125
1.9803175
3.8187287
4.507741
2.6896684
3.6561134
3.7657795
3.8386948
2.4473112
2.116945
3.6676407
3.7551713
3.7116559
3.6168494
2.5979137
2.6742537
3.5809088
2.5728998
2.6625257
2.7894964
3.7953265
4.1023254
3.8298044
4.283579
2.5016472
2.268868
2.5848355
2.5604303
2.8794007
2.5556319
3.9260898
2.585969
2.6062896
3.7550788
3.808333
2.216748
3.9488544
4.237287
2.310235
2.6111934
3.8879972
2.6279962
2.4554856
3.512677
3.7066905
2.1850483
2.193517
3.8515878
2.576985
3.6074548
2.4533381
3.8518872
2.2392569
3.8036177
2.5613601
2.394214
2.336994
3.9212232
3.5567942
3.5948484
3.5764573
3.688363
3.599995
2.5885386
3.7576954
2.429486
3.6888738
3.9031868
2.5803156
3.5896418
3.8364098
2.4008467
3.7186275
2.3689284
1.9717904
3.5357363
2.3968775
2.105736
3.6900215
3.9982152
2.1288593
1.8605721
3.5063045
3.8920972
3.7279203
3.3263357
3.5444398
3.5231342
2.4937449
2.0860863
2.4024975
1.6598765
2.1177537
3.9201243
3.6037834
2.4800334
2.3197374
2.3098655
3.6370585
2.117388
3.774025
3.5528088
3.6346934
3.4992537
2.717402
3.741901
3.692886
2.168915
3.732184
3.5087616
2.0929446
2.3378341
1.8389515
2.341492
2.2007627
2.1496422
2.235636
3.6722345
2.2508829
1.6379986
2.221155
2.2424798
3.7826624
2.0471203
2.0369093
4.051042
3.8367531
3.887692
2.2427628
3.5599854
3.9068463
3.4265656
3.9544919
3.738941
3.694857
3.4910858
2.1888597
2.0312548
3.8293161
3.6096766
2.86199
2.4557655
3.6967113
2.8600137
3.9473438
3.7551537
2.3570628
4.5909257
3.602996
2.6772919
2.6942565
3.7027364
2.7053964
2.647467
2.5395293
3.891499
2.519355
1.7308618
2.3689542
2.0909197
2.0426233
2.6211488
3.576236
3.6003532
2.5310075
1.8326908
2.2825603
2.362827
3.9267614
3.639322
2.5095341
3.73111
2.4964314
3.738819
3.6034002
2.3548455
2.3544548
2.1629422
2.482998
3.7771943
2.076759
1.7253222
2.2654076
1.5417314
3.3933513
3.598702
3.4757197
2.627431
3.5151556
3.9594066
2.3441596
3.5549443
2.27901
3.5659027
3.429956
2.3741539
3.4435835
3.895281
3.5178437
2.2018418
3.5275037
3.3182404
2.27715
1.5092853
2.321958
1.9532462
2.3400915
3.639107
3.5862858
3.8202906
3.8429813
3.721118
2.4984374
2.2115862
3.9410925
3.818173
1.9917767
2.0628421
2.5020118
4.415712
2.2570672
3.6545172
3.6664119
2.3503728
2.115095
3.8928776
3.7809825
2.2838356
2.025787
1.6967891
3.7228823
4.0058265
2.6613877
3.6987162
3.8855581
3.4865923
4.007662
2.5440545
3.7659214
4.3540373
3.5167735
2.6124864
2.3654768
2.2708488
2.1462626
4.103753
2.6625204
4.077225
3.905019
3.7235687
4.366885
3.700586
2.1774879
2.851173
3.7309754
3.4902983
2.2585025
1.8722514
2.3026896
3.7709324
3.7916243
3.5837564
3.7996118
2.4630005
2.2037299
3.749453
3.72049
2.4180706
3.677964
3.5852745
2.4347544
2.5949907
3.465836
2.1973417
2.1705592
2.3450968
1.7535065
2.1391037
3.4833393
2.2822757
3.8432214
3.558386
1.8616003
3.6689236
3.5825605
4.2200665
2.2992177
3.5085685
2.225966
3.3040493
3.6428142
2.1331575
1.4619539
3.4324963
3.4662957
3.2670755
1.7530658
3.4784753
3.7755957
1.8587106
1.584588
3.757974
3.5600488
3.5600827
3.5637205
3.3645656
3.4246328
3.553057
3.4195557
3.4271297
1.7847381
2.0288234
3.4507015
3.443119
3.3406737
3.3615851
3.7383156
2.2880723
1.6907922
3.6176448
1.783007
3.5431988
1.9918354
2.3685615
3.5870764
3.4570334
3.4796495
3.299146
2.240446
1.7652746
3.3937864
3.3070784
3.878302
2.4345405
2.42695
2.1959631
1.919083
1.7023983
3.516357
2.1422346
3.4336648
3.2762985
2.4825
3.456262
3.4034047
3.4559891
3.4068923
3.4962568
2.2708142
3.3523934
2.1848876
3.6011617
2.2436228
1.8995358
3.3780344
2.023172
1.8366557
2.2637527
2.2219608
3.6332839
4.36057
2.251727
1.4232328
3.567038
3.5436544
1.8409331
3.728234
3.520948
2.294811
3.2932222
2.1720734
3.5442116
2.0503266
1.9890993
3.4316404
3.4937081
3.4611883
3.758565
3.4245408
3.3866637
3.5167034
2.2990594
2.3791275
3.1904707
1.6949654
3.4152877
3.5693324
3.4649441
2.0540347
3.348278
2.0855205
1.739515
2.2212422
1.8729441
1.5811577
1.7879747
1.5016502
3.7606184
1.8344952
3.2768734
3.4676886
2.164198
3.4176438
3.2446008
2.136283
1.3409507
2.270793
3.4615605
2.086411
2.1133173
3.5658178
2.1182804
1.3467875
1.7602025
2.0526369
2.0164065
1.9963177
3.4108284
1.8368938
1.4810429
1.7695876
3.7232852
3.4526393
3.5560074
2.0793252
3.4791956
2.1287913
2.3329308
2.127602
1.8159189
1.797188
3.4466295
3.3951883
1.8289635
3.4839513
3.5608346
3.493614
1.9011096
3.1453135
3.3487866
2.0866585
3.2280025
3.8552089
1.8940011
3.2794697
1.8825743
3.703928
3.3390837
3.4643676
1.7119275
2.074451
1.7667612
1.7276932
1.9382713
1.2898346
3.150602
3.5843272
3.7306743
1.7658888
1.8140153
1.4338206
3.4324076
1.8160079
1.4501489
2.2174475
3.537604
2.0740252
3.7239625
3.4079566
3.6906095
2.1615539
1.9768655
1.8622257
2.0475655
3.4955513
2.043936
1.3452126
3.3950233
3.6314611
4.3173656
3.1841333
1.7888851
3.6441574
3.2195127
3.4263756
3.7524264
3.1436107
3.3163903
3.7046733
3.1263626
3.6482284
3.2919247
2.2698143
2.13348
3.7221777
2.0277736
1.9729364
3.2786806
1.837285
2.0253828
3.3145192
3.4625237
3.2647479
2.293746
3.3905108
3.4823537
3.9259071
2.1966903
2.328714
3.521227
3.8076978
2.1296082
3.2764053
3.445085
1.9872015
3.344776
1.8669982
3.35534
3.323013
3.7665384
3.2296154
3.2934291
2.18677
1.7462432
2.208991
3.3774815
3.2649038
3.238497
3.3186486
1.955986
2.0478387
1.3043174
1.6707045
2.0999434
1.7993653
1.4480939
2.1915133
1.792973
3.1210387
3.3213565
3.664369
2.2083006
2.0114455
3.4912364
3.5618825
4.209498
3.6847234
3.6794956
4.0971313
1.8684427
2.503039
4.1913586
3.6281626
1.9861963
2.7205627
2.0816185
2.0325913
4.1693826
2.3646293
2.2588022
3.830604
3.9961362
2.8054614
3.4815383
2.7972288
2.6483486
3.5787659
3.595222
2.0516837
3.50719
1.7040567
3.4801037
3.4654849
2.2208693
1.6482297
3.621272
3.5896406
2.2872891
3.4617288
3.4218826
3.4152613
3.5198665
3.3783996
3.348365
3.482395
3.6159406
3.2909102
3.326793
3.278842
3.6324878
2.2420428
3.7869017
2.233987
3.5582318
4.138064
3.2565901
3.6845222
3.2855082
3.5984962
3.2475023
3.3427265
2.3480532
2.1867278
1.4957457
1.8619678
1.8709931
1.6080365
3.4869666
2.1193523
3.3371413
3.3253431
1.7637717
1.6760648
1.9211216
2.018754
1.4950391
1.7606088
1.4868528
2.0698633
2.1011593
3.3661213
1.9826941
1.9551171
3.2913907
1.9344585
2.2328484
2.0289154
3.110762
3.6730423
2.0455785
3.4614387
3.413164
3.5757318
1.8581119
1.5275409
3.343733
3.3182483
3.2551222
3.5317497
3.0985985
3.3338563
2.2377827
2.1457117
3.5640907
3.957629
3.1874661
3.970824
3.3086035
3.3644316
3.5163293
2.2012606
3.4855824
3.2742512
1.9858947
1.3564616
3.32586
3.675056
3.4428732
3.5292273
3.2512739
3.2013
3.8511589
3.54514
4.057976
3.0873857
2.2414796
3.3637388
3.2816098
2.1511047
2.0808544
3.2926347
2.0145888
3.4533494
3.913965
3.1680462
3.8440924
3.4565916
2.2347565
3.3134675
3.296767
3.2328832
3.6324372
1.6033026
2.011403
1.9326507
1.7218175
3.0919518
3.6718435
1.6424447
2.1100285
3.0618384
3.6595511
3.648602
3.620898
3.3404338
3.2522352
1.896545
3.3057184
2.2242746
1.6896713
1.4198387
3.2744908
3.5027845
3.2153282
3.5782654
1.836368
3.6250756
3.5744843
3.8866358
3.502758
2.1154406
1.8723388
1.7224039
2.1959472
3.6878994
3.4971304
1.9379022
1.8852842
2.2077992
1.9273685
3.7765558
1.7956393
1.3940729
2.0729764
3.3524134
3.3888755
2.0895686
3.2649255
3.2163846
3.2602205
2.1796892
3.2341285
2.184462
3.3331094
3.468922
1.8506644
1.448703
1.9125333
1.8866954
3.5668893
3.578583
3.3363438
2.1555104
3.418739
1.9256587
3.3781025
3.3276691
3.443532
3.2192247
2.0090265
1.7186323
3.3683722
3.282174
1.82167
2.0557168
1.9391559
3.561654
3.3832119
2.0598855
3.2915277
3.3156335
3.313007
3.4109983
1.686102
3.2675822
2.0296547
3.5044312
4.0862594
3.500322
1.8318788
1.898886
3.4392283
1.9054139
1.6243478
1.6612297
1.390234
3.6438973
3.4277678
1.7472444
2.0195186
3.0006495
3.3161752
3.2912128
2.0305822
3.2664955
1.7566519
1.3559657
3.029383
1.8671632
3.6389654
1.899441
1.8006569
3.3202784
1.8147819
1.4338682
2.185825
2.1627405
3.4710412
3.2044296
3.2906392
3.4668777
2.0893464
3.607881
1.8642358
3.347289
1.6748085
3.2008708
1.7389889
3.384282
3.299682
3.224666
3.39582
2.0123549
3.4507332
2.0095322
3.4393287
1.9625332
3.5790293
2.0599313
1.99867
1.2345873
2.0818253
1.8766569
1.5089911
1.7473558
3.3436797
1.6882536
3.247682
2.0545897
3.3041162
4.095064
3.4340007
3.463221
1.8196663
3.2205238
3.1851225
3.2620082
3.1917999
3.1980453
1.8319234
3.157784
2.0812125
1.7992768
3.305728
1.928732
1.6944748
1.3172266
3.334027
3.2878218
1.6369934
2.002147
1.7744237
1.6290606
1.8482722
1.2271352
1.8308898
3.2897966
3.1048257
3.8326724
3.4450157
3.913933
3.2974806
2.2065587
3.2123296
1.6356231
2.148998
3.7911954
3.4794388
3.9321675
2.071492
3.3993084
3.7795734
1.9744836
3.3060207
3.2561169
3.4221659
3.2500138
1.9297726
1.8298343
3.4134789
3.6655316
3.0515056
2.0824215
1.8329244
2.2190118
1.9305223
2.0757957
1.8906612
3.3903208
3.1561213
3.9076843
1.774077
3.3441396
3.3686378
1.9060247
3.3512287
1.6766818
3.2206032
3.280342
3.2915123
3.1919878
3.3738441
3.2822056
3.1285644
3.5384533
2.953117
2.1466825
3.2541537
3.4474204
1.6588905
1.8811747
3.2152853
3.4758203
4.1843643
1.6913574
3.5075574
3.2244666
1.8174179
1.2368516
3.0952196
3.344083
3.3008506
3.082526
3.8190653
3.1869678
3.2853632
3.3775256
3.6060054
2.0325234
3.4192882
3.9020133
1.7183039
1.3483881
3.679839
3.0947728
3.3813026
3.593658
3.47722
3.0907254
1.93882
1.9042146
3.223851
3.3344853
4.0736556
1.9571223
1.9520264
2.2511933
1.9082043
3.2432892
1.8320735
1.4121189
3.4506497
3.2860613
2.337082
3.4731092
3.2929869
3.4367154
3.6990516
2.4145515
3.5116892
3.4838183
2.1672976
3.2637997
3.2865162
3.071323
1.9289522
1.3182269
2.1124737
1.5951701
3.4433336
3.353628
4.0986743
3.4834208
1.7584286
3.244494
3.8598247
3.3096354
3.5326436
2.237174
3.4983702
1.821808
3.2883453
3.6176078
2.1586754
3.2074034
3.2741597
1.938926
1.897793
3.3437192
1.65373
1.3670872
3.149716
3.8917556
1.9845428
1.2926745
3.602446
2.1797051
1.9510258
1.9357177
3.2969978
1.678476
3.2551982
3.3967476
3.223344
3.5195746
3.4368794
1.8969164
3.358922
2.9737606
3.4455075
1.4950726
3.3398798
3.2075005
3.3269398
3.086288
1.8837584
1.8764981
3.1922407
3.174761
1.645737
2.938652
3.3220718
3.3988426
3.401975
3.1091225
1.9574181
1.7938597
1.1974205
1.8064569
1.7729652
1.9977686
1.8062265
1.7355906
1.9677551
2.940656
3.1207035
1.4897547
1.9596615
2.9264457
1.9371774
2.9811435
3.340051
1.8110108
1.9081013
3.401074
3.060564
3.2838914
1.8969444
1.7828181
3.1909857
3.2020824
3.1808128
1.7819248
1.6772915
1.3467532
3.418092
3.460628
4.084975
1.8922788
3.3190548
3.1218255
3.2003627
3.4613183
1.9865288
1.7965147
3.7524989
3.240677
3.2277575
3.3660095
2.2747436
3.6915996
2.1480675
1.9236459
3.3866887
3.471835
2.1047175
1.9686753
3.3416183
3.2283623
3.6979146
3.4589193
1.8429021
1.5498468
2.177168
1.7617092
2.0466118
1.4554653
3.0651827
3.457866
2.2836766
2.060406
2.200625
3.5246153
3.5167925
3.3055537
1.9631697
3.2802143
2.5670166
2.1617546
2.1577644
1.2382023
1.6587943
3.484327
3.5978591
4.07055
2.2401788
2.27172
1.4786841
3.5988634
2.1581948
1.9602156
1.6399583
3.1008823
3.3003697
1.8578285
1.8750364
1.49774
3.2879534
3.5000467
1.8892547
3.4236207
2.0137687
1.9206258
1.4743211
2.0511513
3.1775365
3.62022
3.4240274
2.1474802
1.7160493
3.7874918
2.2036989
3.5445812
3.4759665
2.215371
1.8559127
3.8105686
2.2194417
3.4036858
3.2811701
1.8879939
1.6524587
3.5496864
3.8137217
3.6558743
2.3720372
3.5797405
1.9133676
2.051878
1.8243929
4.1408377
2.01976
3.2395942
3.448184
3.4965
2.6082418
2.4430747
1.8556049
3.5949097
2.3144052
1.5573303
3.7859907
3.5488398
3.3774683
3.4248748
2.193462
2.000187
1.4906936
3.5805671
3.4502861
3.407741
1.8172928
2.1936862
3.3465912
3.4815426
3.3574553
1.8459579
1.8074676
3.3385766
3.4538646
1.751166
2.5058475
1.7396553
1.4398172
2.0172694
3.4913836
3.7052026
3.2947223
3.2178276
2.2631264
2.0727334
3.6441545
3.4126854
1.908915
1.918878
1.3380831
3.2398772
3.293486
3.130141
2.0567513
3.441241
2.126115
2.0162263
1.9378587
1.7521944
1.3749382
3.2226257
2.9798214
2.1148376
2.1236908
3.5284998
2.0265405
1.3600053
1.7318126
3.2123406
3.8083081
3.1900754
2.2751546
3.423361
2.1100383
3.5070722
2.0355227
3.2345674
1.9715806
3.7018414
1.8229148
3.114719
3.1768339
1.8917956
1.3601824
3.2464013
1.9683173
3.159907
2.1033642
1.8579538
3.4201744
4.0156455
3.1232955
2.114621
3.3461678
3.4656363
1.9456654
1.8158461
1.4240255
3.1334922
1.7414398
3.4401207
3.921283
3.400077
3.1230924
2.224709
2.139687
3.1736484
3.3507407
3.4055076
1.6811758
3.238212
1.4623007
2.233572
2.0916734
1.8450412
1.8559943
1.9469619
3.5664067
1.4814192
3.4104118
1.4690285
3.550581
3.246715
3.2756271
1.8351699
3.328492
3.885073
3.1473954
3.0846918
1.9444206
3.2782614
2.2298393
3.4089255
3.433553
1.850112
3.2135515
1.8226333
1.8232553
1.7680287
1.9636259
1.7498585
1.4668735
1.8005797
3.3680286
3.3192375
3.9628744
1.833328
3.6344478
1.919442
1.8409557
1.2454329
3.1156588
3.2975814
2.1033344
3.200275
3.2367773
1.4791062
3.0867653
3.3350217
3.1964111
1.9093894
3.153277
3.3848798
1.5041099
3.0724356
2.867301
3.1220684
1.8497875
1.5551672
1.832487
3.0322585
1.4893168
1.774455
1.7927094
1.9646802
1.7349513
1.9509997
3.1822245
1.7375734
3.6201577
3.018734
3.1783788
2.9286983
1.7851452
3.6272986
3.200929
1.7228068
1.725425
1.8256127
3.0558188
3.1671689
3.2336895
3.13993
1.6438488
3.221813
1.6607053
2.0459268
1.9402175
1.7133567
2.9243333
3.001942
3.256722
3.059657
3.4932384
1.568727
1.7550588
1.9752855
1.7598662
3.1447341
1.8870438
1.8008027
3.4932444
3.134757
3.2481847
1.493585
1.862299
3.20545
1.8439301
1.5374259
3.1042407
2.915021
3.1112883
2.997939
2.0370538
1.6785681
3.1259184
2.812064
3.1706753
3.370607
3.9824967
1.6698561
1.3291894
1.5143124
3.165381
3.1912549
3.269646
3.0588956
3.1438694
3.330474
1.868554
1.8674678
1.3632916
1.6565809
2.9499714
3.357489
2.09556
2.062426
1.8642938
3.3172464
1.9447976
3.6432161
1.8847889
1.9614383
1.9255455
3.251063
3.2057526
2.1027174
1.9030968
3.563287
3.2746212
3.1377375
2.0500095
3.4105558
1.8766067
3.3446455
3.3839748
3.1249208
1.4434268
3.5899727
2.6701558
3.4150386
3.4029298
1.7076337
1.374109
3.2077084
2.995731
3.3875737
3.8970685
1.7994305
3.1772707
3.5428295
2.051486
1.261635
3.1413739
3.136262
2.17478
3.312671
2.0204806
1.7256306
1.6867573
3.461742
2.0074458
3.472301
3.1083152
3.1428072
3.3482487
3.1771376
1.7298825
3.326575
3.1050224
3.0780375
1.8442018
3.1695185
3.4828167
2.8948917
2.9248211
3.116483
1.433703
3.1952324
3.544274
3.5090468
2.0964031
1.4991583
3.0458035
3.1794376
3.5230644
1.9877764
1.6497203
1.50991
1.8584006
1.7442352
3.1741989
1.5596768
1.275583
1.9118986
1.7966775
1.5028375
1.9861968
1.6331786
3.1044986
3.6188061
3.105865
3.34282
2.0398579
3.1938827
2.2180674
2.9550989
3.2555966
2.8573418
1.9433033
1.8972175
1.8697459
3.0930488
3.1677146
3.0313666
3.2233806
1.763195
1.8679733
3.4927065
3.259138
3.2755284
2.0024257
1.6340858
3.1891873
3.8876977
3.0745757
2.8577223
1.6649013
1.754873
2.0864809
1.6786518
1.7773949
1.4640718
3.1353106
3.184767
3.2627802
2.162337
3.261111
1.7602817
3.5152004
1.7278742
3.461314
3.3632934
3.403523
1.8838767
1.9226722
3.2366195
1.8173187
1.7955973
1.9263526
3.3933764
4.013407
3.4912424
1.9971566
2.0511644
1.3930922
3.14123
1.5742178
1.2650397
3.2774758
1.5912825
1.2477865
3.6158023
2.9892013
1.4838768
3.588708
3.173825
1.6036372
2.972219
1.610866
1.799849
1.6409258
3.002026
3.2333753
1.5736248
3.1544662
3.8533723
1.8043567
1.8754677
1.5025007
1.7133405
1.9660728
1.7173356
1.738424
2.8125527
2.9875236
1.55341
1.233768
3.3994815
1.8768902
3.0744462
3.2840838
3.0636027
1.7157212
1.6750892
1.7337015
1.5489424
1.2201899
1.4551913
1.8072816
3.0322037
3.04439
2.9451482
3.8003767
1.8108109
3.0862522
1.6990879
2.881293
1.7890323
1.7085848
1.5573376
1.2268213
3.0906765
1.6994315
3.3420405
3.9659944
3.0125332
3.4896805
3.2342892
3.131768
1.8488847
3.3722634
3.0955472
1.5067711
1.6356936
1.2376337
1.4912035
3.0842173
1.584254
1.286465
1.7413206
1.5025909
1.2535748
1.450053
1.7187403
3.373671
2.966977
3.2051933
1.7850149
1.7115656
3.4141116
3.1444137
2.9997337
1.8434587
1.5813787
1.2362888
1.7464963
1.6423694
2.8825047
1.7055584
1.204712
3.2816803
3.0845754
3.1121109
1.643162
3.0618393
3.2793415
2.9213781
3.779995
3.1074386
2.9971871
2.985945
3.048849
3.0600882
1.7779741
1.7697626
1.9077636
1.522833
3.2274275
3.0807633
2.7509012
3.0548522
3.0653045
3.3226264
2.7418466
3.1986682
2.93747
3.1924515
3.3192523
3.9076586
3.3522494
3.2248585
3.0376093
3.3108523
3.1292262
3.8350198
1.7340732
1.9749488
3.132079
3.1332932
1.7983241
1.2796596
2.8347692
2.7636867
2.9958708
2.153045
2.0914273
1.9658018
3.2927487
2.1719043
3.6275184
2.3670347
1.6384408
1.8872188
3.1210282
3.6584024
3.3769586
1.8156661
2.490069
2.3446476
1.825133
1.3547391
2.3719387
2.18786
3.3562515
2.121713
2.912842
3.2258782
3.5603423
2.0652568
1.7352053
2.9193
3.2113783
2.2475827
3.0614552
2.0549212
1.7267994
1.391004
3.033684
2.8935037
3.2227373
3.07005
2.189252
3.5148191
1.800546
3.1388345
1.9178016
3.608441
3.0315034
1.4349332
1.4821295
1.778406
1.6921822
1.2699554
1.8860372
1.8165673
3.1402578
3.2438803
2.9901502
3.1910243
1.6273509
1.8355211
2.9958165
1.7076539
3.3164706
3.184344
3.2160423
1.9643365
1.618385
3.3177655
3.24924
3.8714032
3.0646884
3.2824967
1.8496662
3.3425872
3.0737631
3.2655494
3.038771
1.8082937
3.1733277
3.067049
3.0620399
3.2306862
3.8566787
1.8469719
3.1822538
3.8485253
2.7596426
2.0108519
3.069512
3.0732868
2.804448
1.7652259
1.8154813
1.7321435
3.3660662
1.7315862
1.1986758
1.3778441
3.2330196
2.7654488
1.5656449
1.6876881
1.1633875
3.1855905
3.0371742
2.9205427
1.7620206
1.8444768
1.1871476
1.875221
1.3929623
1.7443229
1.637109
3.283474
1.7609884
2.9823065
3.111975
3.3564951
3.433483
3.1965907
3.164061
1.4981855
1.9867207
3.13166
3.5840495
3.138364
3.82628
2.8036876
1.8119143
1.276635
3.368486
1.6665792
3.1500971
3.0519855
3.0306406
2.1966565
3.0151856
3.0940623
3.118092
3.2554114
1.8246068
1.4656543
2.010762
1.535276
3.3765721
3.2901223
1.9394538
1.9726079
1.4688828
3.1487257
1.675609
3.1365037
1.8661189
1.9380665
3.1773324
3.8081348
2.0841029
1.3264995
3.429374
3.5063055
1.9635566
2.0147638
3.1914794
2.849419
2.0561652
1.8870264
1.8565156
1.549309
1.8232881
3.0818925
1.7428442
1.7407006
1.7152033
3.2605822
3.0639904
1.5691445
1.7528577
3.2983823
3.4510121
3.1161249
3.174048
3.0988872
1.7638263
2.793062
1.4465884
3.3046641
3.2868395
3.045168
1.7522314
3.0214267
3.1568823
2.9595711
2.9514828
2.9996948
3.1722598
3.124102
3.2824488
1.5037788
1.5619328
3.2617092
1.7170644
1.1869048
1.787436
1.5215615
3.1021287
3.761878
1.7346338
1.1792172
3.0550916
3.2711358
2.890879
1.6011931
2.9446094
3.0149734
3.3092487
1.7007911
3.0083168
1.5850962
1.9648792
3.1633599
1.6117164
2.7610927
1.6116363
2.9853492
3.136769
1.5053821
1.8746572
1.5738436
1.7385454
1.5316046
1.2271562
2.9269712
2.9392023
3.433191
1.6903114
2.9682465
3.520205
1.8342261
1.7076236
3.0199924
3.0209777
3.2224417
2.9084136
1.7536069
3.1389737
3.166354
2.9947476
3.2219934
3.3808942
3.0627556
3.0082543
3.2585166
3.9266677
2.9311357
3.2280812
3.0660508
2.9239047
3.0597186
3.1341982
3.1746547
3.8568912
3.4040942
1.6136731
1.2156951
1.6791418
1.6542083
1.1460631
1.7586534
3.0643804
3.0559177
3.0698524
3.0913715
1.6951517
1.6773827
1.9616462
1.3782102
3.4851844
3.2663813
1.770611
3.467299
3.0034275
1.8310195
1.7044597
3.0713542
2.79467
3.0880787
3.2954326
1.6062224
1.2157688
3.1642814
3.2860212
1.6905916
3.183148
1.8754379
1.5477867
3.00745
3.2550871
1.727838
3.2538157
1.5607066
3.2305703
1.6689435
3.1318564
1.6071743
1.2043753
3.247749
1.6561644
3.5192347
1.3523324
1.9863238
2.9934044
3.420523
1.8142215
1.9151617
1.4570854
1.5439578
1.4991245
3.0712912
1.5256494
1.4239085
1.7486502
3.100911
1.5976216
2.688394
2.8609805
1.639942
3.3187206
2.9196293
3.0200715
3.3635163
1.6850132
1.1543663
2.6593695
1.6365267
1.3686718
3.1123776
2.8748493
3.50614
1.7056574
1.701282
1.4753724
2.949607
3.0001657
2.7586014
1.6809825
3.185298
1.4759274
3.01022
3.3901656
3.394075
2.6825156
1.580556
1.186794
3.083076
2.90402
3.0715787
3.0841436
1.797174
2.9931583
1.7113727
3.1257315
3.2758174
2.7613559
1.9677523
3.3911233
3.0482922
3.1139145
3.7531934
2.7111728
1.8992532
3.3841114
3.1672356
3.8454068
1.7875941
1.1237614
1.5362558
3.12717
3.356553
1.7690306
3.0330286
1.7063118
1.6386627
2.962748
1.7483435
3.2803662
3.9390228
1.8302838
1.8087304
1.7325305
3.1965456
1.704344
1.1633852
3.0708232
1.676787
1.8770902
3.0470803
1.7604973
3.085885
3.0995643
3.8141
1.8670498
1.7451011
1.9353931
3.0982158
3.4286783
2.991659
3.4069843
3.312433
2.08006
3.1515245
1.6238831
3.0998087
1.6535864
3.2920692
1.4795028
1.2396785
3.110518
2.785242
1.7714112
1.7600754
3.364469
3.2558432
1.9112247
1.5633816
1.8802563
3.1780775
3.2674994
3.0117679
2.9845269
3.0905507
3.098844
3.7831259
1.8548987
1.6922317
1.7258445
1.9770747
1.66692
3.0038369
3.0461211
3.0876977
1.824182
1.8292031
3.173621
3.170415
1.6344951
3.0606394
3.4295447
1.8152679
1.6807585
1.1489567
3.4107602
1.564714
1.2372512
2.9300783
3.24619
3.2103353
1.7779462
1.2211583
1.3160666
3.4003057
3.0937574
3.7498856
2.9373307
1.9090663
1.757307
1.6938697
1.8379561
2.7644513
1.8228025
1.9153594
1.6189444
2.9987369
3.0147994
3.2252119
2.7491336
2.0949056
1.6283084
1.8089051
1.9086492
1.9502606
1.5396217
3.3747833
2.1023667
3.0116148
1.8870842
1.987552
3.3901296
2.7975266
3.2810361
1.4873751
3.1467314
3.0364044
3.032127
3.0144422
3.0699074
1.671929
1.9853716
3.095664
3.3882124
3.238459
2.956414
3.2926633
1.8974031
3.3219361
2.973526
3.1469858
3.2741697
3.199159
1.764923
1.8137882
1.6799405
1.6648678
3.272295
3.032005
3.2785401
2.9960454
3.203471
2.0802927
2.6928184
1.7472507
1.7665374
1.847911
1.3745291
1.8321671
1.1420033
3.433413
2.965525
3.3076952
3.1582565
3.46197
1.8846091
3.2236192
2.973945
2.911366
3.7862182
3.2713861
1.9146241
3.509173
3.3045988
1.7363358
1.4818741
1.8683488
3.0678449
1.7601383
2.9192538
3.762469
3.3146746
3.903673
2.1921704
1.7502583
3.4298704
1.7807331
1.5486318
3.4288294
3.0516703
3.1037571
2.7746167
3.0884454
1.8916167
2.9174275
1.5244373
1.8948284
3.2521024
2.9108565
3.0247583
1.5918761
2.7396336
2.8845675
1.695656
1.7257246
2.9959114
1.8276609
3.2990048
3.108314
2.982277
3.2281075
2.8602269
3.194541
3.050692
2.969158
1.7636105
2.9591987
3.028863
2.838793
2.8358748
1.4840993
2.6790562
3.2157028
2.9906807
1.4903016
1.6567962
3.0930388
3.3618367
3.3374906
2.69891
1.8095807
1.4382788
1.7273077
1.8986359
1.6617738
1.5737444
3.3821723
2.6935787
1.6922774
1.3307956
3.5000176
1.66822
1.6351895
2.8373697
1.6766117
2.8180768
2.799192
3.7536712
2.9430404
1.4611727
1.2072153
3.361084
3.2215047
3.8580263
3.1755936
3.362553
2.8178232
1.7110925
1.2525369
3.2999773
1.7925686
1.3650346
2.8903663
2.9682844
2.6669512
1.6718972
1.735755
2.9573538
3.045832
1.8541558
3.0254338
3.1869826
1.7371731
1.7398565
1.6817201
3.3730428
1.7383729
2.7245355
1.7760053
1.0778732
1.4514731
1.7189068
3.0063288
3.2292352
3.4099102
1.5405654
1.9983567
1.5917399
3.0018594
3.1952565
3.8247106
1.7462572
3.0954938
3.0355203
3.3194242
2.087782
1.555647
3.2843313
1.8496666
2.9955482
3.4492528
3.1814888
2.200859
2.976044
1.5763254
1.3870126
1.8791689
3.0065618
3.0380688
3.0618439
1.8176652
1.8403597
3.0811489
1.7101294
3.0401268
3.7713854
1.7598963
3.2791307
1.7670815
3.2204294
1.6983778
1.3547653
1.4650594
1.2155439
3.1893485
3.1061058
1.6544095
3.0422027
1.836326
3.197727
3.3801467
2.9795237
1.4894782
1.2378207
1.472113
2.875424
2.9804032
3.3152187
3.367986
1.7046782
3.1406863
3.0073662
1.6732851
3.249044
2.834843
2.9709206
3.2116597
2.9302938
3.125411
2.9353857
1.7677144
3.0834446
3.0043042
1.5538384
3.2297053
1.78301
1.8855689
3.1002328
1.7249036
3.008253
1.3045975
3.0577435
3.4732378
1.7673105
2.6590843
1.6008927
3.1870458
3.0863137
3.0338404
1.5682269
1.6442251
1.771419
3.0729833
1.7431319
1.6538919
1.1506746
3.096785
1.6142981
3.0658557
1.6407287
1.60373
1.6044738
1.629121
2.879799
1.6574094
1.2811849
1.6738989
1.7043985
3.2687848
3.3399298
3.1591616
1.4046022
1.6914371
2.8786287
3.3185244
2.859188
2.9563284
2.9203973
1.7221364
1.6631062
1.5879374
2.9653082
2.9110205
2.9097695
2.7053564
3.1006572
2.002783
1.767531
1.7696482
2.968986
1.669423
3.0625293
1.8209177
2.8997648
1.66064
1.6112221
1.7394786
1.14603
3.2258668
1.8372151
2.9643846
1.8443393
1.807657
1.695717
1.7202208
3.0331602
1.6365547
1.1497549
1.5075319
1.211835
1.5622915
1.7876625
1.8208201
1.7163821
1.3477697
1.6630917
1.1805863
3.4059572
2.110563
2.9243424
2.9682333
3.1099784
1.8964089
3.0459366
2.976783
2.8911378
2.6509705
3.272077
1.7572577
1.8238114
1.6912894
3.2606306
3.0643244
2.685112
1.685505
1.3366884
2.786791
1.6452023
1.7966294
1.7349007
3.1536593
1.4470509
3.137806
3.0802536
3.104786
3.0149696
1.5392132
1.992307
1.8591346
3.1077914
3.4665616
2.9994538
3.0778868
3.368486
3.0551946
3.0038648
3.1176343
3.4405944
2.2280343
1.8374838
1.9326864
3.1499236
3.1853156
3.2354794
3.0605173
2.7865458
2.950179
2.2088306
3.1355093
1.9768628
1.6329893
1.6992214
1.5215604
3.1164382
1.6436714
2.124392
2.0809457
3.1320112
3.7855737
3.1247888
3.7458134
3.055955
3.2495759
3.028532
2.208362
1.9840442
3.5270138
3.0328588
2.0787957
1.9913502
3.111726
3.264292
2.7850003
2.9327843
3.176212
3.2732913
3.8952386
3.1267843
3.1285806
3.0649886
3.3283815
1.9676708
1.7958153
2.9554825
2.866876
1.7455113
2.84043
1.806872
2.70796
1.6373321
3.3529434
2.9723804
2.9386861
2.641827
3.4088392
1.6237752
2.883467
2.9421246
1.8622087
1.5690181
1.26955
1.7012705
1.1808379
1.5861065
2.961862
1.7956513
2.9916244
1.5410731
1.2665377
2.6832678
3.0110917
2.8580143
1.4920795
2.830876
1.7506835
2.997397
3.0329573
1.4132993
2.9978242
1.6941375
1.7198569
1.5445129
2.981406
3.3742561
1.5426178
2.9343877
1.4858432
1.1850811
3.0787675
3.0443943
1.7376727
3.328014
1.4350125
2.589611
1.7046837
1.55012
1.4407245
3.1035628
