7.429689407348633
1.0742979049682617
2.803083896636963
4.98449444770813
3.2348499298095703
2.882432699203491
6.1062986850738525
2.90447735786438
5.510572910308838
3.932844877243042
1.8542239665985107
2.064387083053589
2.0099220275878906
4.97685170173645
4.813826322555542
8.300511360168457
0.14605093002319336
8.345897674560547
0.16117215156555176
2.7189555168151855
3.8602123260498047
2.4792356491088867
4.558142900466919
1.8352713584899902
4.025331497192383
4.718198299407959
7.7218334674835205
0.14345335960388184
7.442451477050781
0.12150859832763672
1.9236021041870117
3.067004442214966
4.675616025924683
4.169776439666748
3.636180877685547
1.3135948181152344
4.712098598480225
7.398489952087402
6.21306037902832
1.1709489822387695
5.605363130569458
3.014410972595215
2.8633124828338623
1.5139071941375732
5.235581159591675
4.633503437042236
2.69317364692688
3.0399608612060547
5.385512828826904
4.800762176513672
3.0202414989471436
8.244433403015137
0.1609039306640625
2.649266004562378
1.2767367362976074
2.152360200881958
0.922783374786377
2.9708738327026367
8.395118236541748
0.16122841835021973
3.9914863109588623
2.692631244659424
8.479117631912231
0.1537318229675293
9.503498077392578
0.18155932426452637
7.475066900253296
0.13152217864990234
9.62813138961792
0.15643310546875
7.105069875717163
0.1302168369293213
2.223339557647705
1.896334171295166
3.2338287830352783
1.9053668975830078
3.0495879650115967
8.572224378585815
0.14268970489501953
7.173257112503052
0.13778400421142578
2.6096975803375244
2.7456130981445312
6.320277452468872
2.6465799808502197
3.8779690265655518
4.71491265296936
2.631004810333252
2.916343927383423
2.91874098777771
5.4921348094940186
3.831507682800293
3.965869665145874
6.236108303070068
6.413618326187134
5.874920606613159
1.0847301483154297
6.266488790512085
3.7668302059173584
5.281525135040283
2.8503425121307373
2.8900532722473145
5.734869480133057
2.8593947887420654
3.6552627086639404
3.1206469535827637
3.5386343002319336
3.5453526973724365
1.328230619430542
8.602109670639038
0.13335514068603516
2.8580312728881836
3.3082618713378906
7.902709007263184
0.12505102157592773
1.4482614994049072
3.934030532836914
3.4768102169036865
3.21795654296875
6.814733982086182
1.7548577785491943
7.669475793838501
0.13278603553771973
4.59471869468689
1.57539963722229
8.806125402450562
0.17386531829833984
7.529655456542969
0.12871098518371582
4.528208494186401
1.8939743041992188
7.880061864852905
0.12614035606384277
6.484766244888306
1.8162639141082764
2.331456184387207
2.627626419067383
2.9623711109161377
8.576096773147583
0.13312745094299316
2.231717586517334
3.535966157913208
6.129533290863037
2.91672420501709
5.770785570144653
7.334014415740967
0.12422680854797363
2.0777828693389893
3.9185261726379395
7.9010329246521
0.12563109397888184
3.365706205368042
6.349654912948608
2.7400107383728027
3.9365625381469727
2.3949625492095947
4.409801959991455
6.021462678909302
8.292665004730225
0.1344919204711914
1.8892905712127686
2.8498103618621826
2.9275171756744385
3.285137414932251
2.3393173217773438
2.087963581085205
7.5258684158325195
0.12221670150756836
4.326636075973511
7.431198835372925
0.11912107467651367
1.8423681259155273
6.019123554229736
2.574784994125366
9.87086820602417
0.18312501907348633
6.012521266937256
6.185322999954224
8.408310651779175
0.13704824447631836
6.156728029251099
9.620051383972168
0.15738940238952637
3.272554636001587
4.6134467124938965
7.875630140304565
0.12404394149780273
8.146035432815552
0.13489460945129395
5.976003646850586
3.783081531524658
5.230938196182251
3.001718759536743
3.1715095043182373
2.96555233001709
3.2227842807769775
4.658027648925781
2.2653822898864746
5.034692049026489
5.254412651062012
6.016016006469727
8.180113315582275
0.14017939567565918
5.7574849128723145
2.6384825706481934
4.777888298034668
2.2137491703033447
3.2801780700683594
3.117985486984253
8.612648963928223
0.14267420768737793
4.611500978469849
4.823334217071533
1.6951804161071777
1.8772273063659668
3.0157830715179443
7.761652708053589
0.1244955062866211
1.3070347309112549
8.634232759475708
0.1351637840270996
9.637314319610596
0.1658031940460205
2.7488980293273926
4.008836030960083
4.964971303939819
3.0097508430480957
8.005732536315918
0.1275923252105713
8.248914003372192
0.1338944435119629
3.8227555751800537
8.88369345664978
0.14085173606872559
5.88958740234375
8.559190511703491
0.13945531845092773
9.631665229797363
0.1555190086364746
1.9545931816101074
2.4909307956695557
4.8293845653533936
5.9679787158966064
2.765052556991577
3.5299220085144043
5.418166637420654
7.963188886642456
0.12807536125183105
1.3651502132415771
1.6235413551330566
3.1660349369049072
1.1104588508605957
2.9887821674346924
1.723879098892212
3.079071044921875
3.811060667037964
5.097522258758545
3.9005320072174072
3.354881763458252
1.9340548515319824
4.733491897583008
3.6646389961242676
8.779487133026123
0.1448991298675537
3.5830607414245605
6.096275568008423
2.2246596813201904
2.1362030506134033
4.873357057571411
4.544651985168457
4.680721759796143
3.8554306030273438
6.084634780883789
6.23293924331665
1.8559284210205078
8.042161464691162
0.1262202262878418
2.8375885486602783
3.9669857025146484
6.224010944366455
2.6191391944885254
4.729231595993042
6.204079627990723
2.870112180709839
7.5358641147613525
0.12621831893920898
3.301826238632202
2.998040199279785
1.990825891494751
6.226898193359375
4.709657669067383
4.548823118209839
1.916534423828125
4.981948614120483
5.218953609466553
4.830212593078613
6.639371156692505
1.7122290134429932
3.3824379444122314
2.2206897735595703
0.8313674926757812
6.188779830932617
10.093396663665771
0.15610671043395996
6.0110297203063965
2.917429208755493
2.039708375930786
9.913512706756592
0.1558852195739746
3.2770259380340576
1.3461921215057373
4.782158374786377
9.58765959739685
0.1561737060546875
3.3457276821136475
7.816442012786865
0.13283944129943848
3.822629451751709
4.4922099113464355
2.670621871948242
2.9622371196746826
5.984261751174927
2.61928129196167
3.846012592315674
7.70843243598938
0.12522387504577637
3.3388617038726807
8.338210105895996
0.15178370475769043
4.481785774230957
2.9047720432281494
8.552587270736694
0.13666415214538574
1.7001276016235352
4.68798828125
3.090000629425049
8.662070035934448
0.14577245712280273
2.16713285446167
2.71874737739563
4.644209861755371
7.69555139541626
0.12627768516540527
2.801442861557007
3.539844512939453
6.356272459030151
3.4236013889312744
3.5428030490875244
3.8666603565216064
4.478484630584717
3.9094440937042236
4.383817434310913
8.153363227844238
0.1305835247039795
8.316629409790039
0.13876891136169434
6.007731199264526
2.8929882049560547
2.0240719318389893
4.050097942352295
7.559533357620239
0.13838529586791992
4.829983711242676
2.6692252159118652
4.967211961746216
3.617013454437256
6.035309314727783
6.2694878578186035
3.807924509048462
4.580329656600952
1.3965468406677246
2.836643695831299
6.824523210525513
2.325608253479004
8.864102363586426
0.13550019264221191
1.4840867519378662
6.382314205169678
0.7486035823822021
6.711996078491211
1.2537250518798828
5.260829925537109
2.227006435394287
2.580127477645874
5.8679444789886475
2.8380165100097656
7.571895599365234
0.13013529777526855
2.994138717651367
2.8424057960510254
3.2863929271698
3.9780290126800537
2.8412625789642334
4.436605930328369
8.984727382659912
0.13983392715454102
7.9755964279174805
0.1284317970275879
7.310323476791382
0.12657856941223145
8.257940530776978
0.13980889320373535
3.4286651611328125
3.156024932861328
5.477911472320557
2.686548948287964
8.377525568008423
0.14400005340576172
5.269603252410889
3.5578725337982178
2.877814292907715
2.113266706466675
6.221827030181885
4.698346376419067
1.2499220371246338
2.801311731338501
5.810999393463135
7.779326677322388
0.1251978874206543
1.6467094421386719
9.629634857177734
0.1480560302734375
3.9416215419769287
2.3238329887390137
6.298595905303955
4.631392955780029
2.6999099254608154
10.104551792144775
0.16353750228881836
3.565437078475952
2.8335933685302734
6.016719102859497
8.339617013931274
0.1363201141357422
3.424882650375366
2.010591983795166
3.0324654579162598
2.078235626220703
2.336519479751587
3.011640787124634
1.8156805038452148
1.6635730266571045
3.884467363357544
4.457858562469482
2.8510382175445557
6.739278554916382
3.2929346561431885
1.4902141094207764
4.309879779815674
5.097797632217407
3.183259963989258
4.39636492729187
9.934180974960327
0.15740203857421875
2.5251495838165283
1.9632861614227295
5.4320526123046875
7.257237911224365
4.133880853652954
1.4408774375915527
1.8587477207183838
2.8506317138671875
0.8486442565917969
7.291728734970093
1.6563286781311035
4.528456926345825
3.491304636001587
6.444042921066284
3.168755531311035
8.742401599884033
0.14283084869384766
4.180753707885742
0.8601114749908447
2.6447949409484863
1.929227352142334
6.182769298553467
1.4877560138702393
4.383911609649658
6.317016363143921
5.345837354660034
4.6548566818237305
7.409492015838623
0.12016940116882324
5.676871299743652
2.904649019241333
2.33463716506958
5.177705526351929
8.521697282791138
0.13854122161865234
2.598954916000366
3.0250840187072754
7.782214403152466
0.13238930702209473
6.67058539390564
5.461112022399902
3.709406852722168
2.6313092708587646
7.640657186508179
0.1260378360748291
5.708784341812134
1.5160417556762695
1.737342357635498
6.3037896156311035
1.962238073348999
2.7742533683776855
1.2889127731323242
4.019406795501709
6.162408351898193
6.643247127532959
3.8033432960510254
1.9901962280273438
7.458843946456909
0.12218928337097168
7.098482131958008
0.13397598266601562
2.392275333404541
6.150724649429321
1.2840583324432373
4.661261558532715
3.2396726608276367
7.708913326263428
0.12781167030334473
4.5489373207092285
7.430635452270508
0.12112307548522949
2.0508694648742676
8.436277389526367
0.1343402862548828
2.118694543838501
6.296775817871094
4.6777989864349365
4.656480550765991
3.9060590267181396
2.0695457458496094
4.745532512664795
2.9607014656066895
2.954577684402466
5.015199184417725
2.14188289642334
2.2130801677703857
7.764490842819214
0.14213180541992188
2.9395596981048584
2.3962814807891846
7.70543646812439
0.12909173965454102
3.5855159759521484
1.3233256340026855
6.479903697967529
1.8559670448303223
4.818852663040161
2.6321792602539062
2.783878803253174
8.518010377883911
0.13597917556762695
3.505836248397827
0.8639991283416748
9.120206117630005
0.1415717601776123
3.5828325748443604
6.185029983520508
4.010793447494507
6.125198125839233
3.7542073726654053
7.6986167430877686
0.12973999977111816
7.160823345184326
0.12515830993652344
3.9396889209747314
2.0694072246551514
1.507734775543213
1.9623942375183105
4.101848602294922
3.004450798034668
2.95289945602417
3.1285486221313477
2.768348217010498
4.823214292526245
4.7076780796051025
3.7919962406158447
10.050102710723877
0.15889263153076172
3.6156704425811768
2.7245829105377197
2.341683864593506
7.3829710483551025
6.123164653778076
7.568618059158325
0.1267712116241455
6.278819561004639
3.1251888275146484
1.9848322868347168
3.2892284393310547
3.6030476093292236
4.707003831863403
2.939514636993408
8.748980283737183
0.16502118110656738
4.508633375167847
6.166112899780273
1.0420191287994385
3.8691093921661377
3.587733745574951
1.3631346225738525
4.011931657791138
5.065199375152588
1.2452764511108398
2.6993319988250732
1.3437824249267578
6.17938494682312
4.894052743911743
1.2124402523040771
6.176357746124268
3.7599661350250244
3.260423421859741
3.1737375259399414
5.143329381942749
1.9960720539093018
4.61264705657959
1.2487258911132812
3.2687973976135254
2.7206921577453613
4.562148094177246
6.207263946533203
2.8595497608184814
3.1641571521759033
1.9393692016601562
2.698585271835327
7.575138092041016
0.16710662841796875
2.2296650409698486
4.8405601978302
4.801725387573242
1.5917575359344482
8.267695426940918
0.13904833793640137
3.670541286468506
2.9799983501434326
5.037524938583374
1.3848860263824463
4.841809511184692
3.194499969482422
3.3688442707061768
4.459083318710327
2.258472204208374
6.282496452331543
4.476170778274536
3.627981185913086
2.9817283153533936
2.0159876346588135
2.8878376483917236
3.400440216064453
4.034225940704346
5.2882399559021
5.782563924789429
8.151136875152588
0.1342787742614746
8.068812131881714
0.14745759963989258
5.639245510101318
2.8732523918151855
4.97115683555603
1.3535070419311523
3.292872428894043
6.596486806869507
4.770816326141357
7.028048992156982
7.613526344299316
0.12451863288879395
8.192258358001709
0.14305853843688965
4.729152202606201
5.243430137634277
4.7285895347595215
5.887331962585449
7.21920919418335
0.12454795837402344
5.843862771987915
6.182323217391968
2.6220405101776123
5.87358021736145
3.4355621337890625
1.8387763500213623
8.72774600982666
0.13981938362121582
1.883012056350708
5.821803331375122
3.798625946044922
2.3129096031188965
1.4553000926971436
5.022521257400513
3.964498996734619
0.8935363292694092
1.6188058853149414
2.3125674724578857
1.424400806427002
8.603480100631714
0.13477349281311035
6.83936619758606
1.2609012126922607
6.575894832611084
1.3259782791137695
7.936399221420288
0.129669189453125
5.079509973526001
5.8576695919036865
3.189077854156494
2.7033350467681885
1.9914698600769043
3.785212516784668
3.0663368701934814
5.887994766235352
6.149818181991577
3.216268301010132
3.653080940246582
4.183151960372925
8.827240705490112
0.14354610443115234
2.707406997680664
6.046497821807861
8.206066131591797
0.13524389266967773
6.186125755310059
1.1588904857635498
5.575428247451782
2.7910256385803223
4.157281398773193
2.9951071739196777
4.863984107971191
4.493180751800537
3.7142632007598877
3.1577861309051514
1.9260327816009521
1.9947082996368408
4.823041915893555
2.9347646236419678
2.100938320159912
3.9991748332977295
2.715874671936035
2.0544204711914062
2.641852378845215
7.748548746109009
0.17310595512390137
1.8332107067108154
8.615042209625244
0.13497591018676758
4.415097236633301
2.560537815093994
7.788461685180664
0.1363365650177002
9.903610944747925
0.15226125717163086
1.1618285179138184
5.442664384841919
3.2007944583892822
3.925793409347534
7.119523763656616
0.1301717758178711
4.523159980773926
4.5838446617126465
4.898381471633911
4.970688819885254
5.480856418609619
8.345404386520386
0.13965058326721191
2.8730015754699707
8.706168413162231
0.13953185081481934
1.1358749866485596
3.979768753051758
7.726226091384888
0.13069701194763184
9.405785322189331
0.15242600440979004
6.80346155166626
2.55928373336792
1.9999070167541504
3.656240701675415
2.9363412857055664
4.2573792934417725
9.974716424942017
0.16879606246948242
2.091252088546753
3.622483968734741
2.960589647293091
6.079026460647583
1.293252944946289
2.8871679306030273
4.372571229934692
3.58158540725708
3.912726640701294
2.244208335876465
5.695107460021973
7.692065715789795
0.12373232841491699
2.9276013374328613
4.741025924682617
2.117445707321167
2.975282669067383
4.3915956020355225
2.1197831630706787
1.8213136196136475
5.059233903884888
4.722768068313599
5.81020712852478
2.9807076454162598
5.7832350730896
5.411876201629639
2.8582656383514404
4.545039176940918
2.7019901275634766
5.889146327972412
1.9892692565917969
3.726008415222168
4.021613121032715
3.8430886268615723
2.8794775009155273
1.4973533153533936
2.115987539291382
1.4518887996673584
4.202719211578369
7.766266584396362
0.12435555458068848
2.5770816802978516
2.7934298515319824
4.573602676391602
2.926299571990967
6.110726356506348
5.858181715011597
3.1728837490081787
5.4219441413879395
8.740730047225952
0.14235448837280273
7.449000358581543
0.14644622802734375
6.067597389221191
6.258213758468628
1.6653666496276855
3.5607690811157227
4.830395698547363
8.385268211364746
0.14083600044250488
5.98178768157959
5.1776649951934814
2.2439627647399902
2.052546262741089
5.607132196426392
2.1311490535736084
3.086540937423706
5.488308429718018
5.950236558914185
2.0271148681640625
2.114258289337158
6.414358854293823
1.770198106765747
2.674044370651245
4.820214509963989
2.8916351795196533
8.312261819839478
0.13598275184631348
2.089618444442749
8.67903447151184
0.14014005661010742
1.8804428577423096
2.1457295417785645
2.367457389831543
8.869672775268555
0.14889097213745117
2.7620840072631836
4.547736406326294
2.1163480281829834
1.6689283847808838
1.4039511680603027
8.078435897827148
0.12847542762756348
2.1594202518463135
2.9115588665008545
5.60467529296875
6.203416347503662
2.6324424743652344
4.768327951431274
2.5970776081085205
2.958165168762207
8.005457639694214
0.1313951015472412
5.012178659439087
3.9778318405151367
4.8496785163879395
3.586097240447998
6.338945627212524
8.814425468444824
0.14090561866760254
7.4849772453308105
0.12867164611816406
6.024006605148315
3.427908182144165
6.427472352981567
2.5386786460876465
2.140212059020996
3.0594801902770996
4.847257614135742
6.22605299949646
5.986294746398926
3.4279661178588867
2.8118724822998047
1.6222479343414307
5.274020433425903
2.274003744125366
8.314284324645996
0.13794302940368652
2.67584490776062
7.710737943649292
0.12241125106811523
5.977501630783081
2.215934991836548
7.814482688903809
0.12398886680603027
2.509817361831665
2.008371353149414
6.111496925354004
8.638263940811157
0.13854575157165527
2.779458522796631
9.066973447799683
0.16576647758483887
5.545255184173584
2.4954676628112793
2.3248705863952637
8.437951803207397
0.13361430168151855
8.563533067703247
0.1373748779296875
4.289323568344116
3.4884142875671387
2.8771798610687256
2.8174309730529785
2.470688581466675
3.5442862510681152
2.2014832496643066
4.899547815322876
7.435261487960815
0.12204527854919434
1.715580940246582
5.553707599639893
3.0213146209716797
3.927752733230591
8.797877788543701
0.13923335075378418
1.9103775024414062
6.36435341835022
5.204317331314087
8.108296394348145
0.13086986541748047
8.657848358154297
0.14966940879821777
1.2802550792694092
6.551385879516602
4.10457444190979
3.6842198371887207
8.250747442245483
0.13322901725769043
3.080232620239258
2.6627583503723145
2.991196870803833
4.622670650482178
1.764091968536377
3.915217876434326
2.3300111293792725
6.117180824279785
3.170358657836914
6.25282883644104
7.3644700050354
0.12261819839477539
4.839901685714722
3.14509654045105
8.734137058258057
0.13861703872680664
4.99303412437439
4.613839149475098
3.7526257038116455
3.7671661376953125
3.534261703491211
4.153453588485718
1.2928624153137207
3.231384754180908
2.2088844776153564
3.919046401977539
6.394035339355469
4.948144197463989
7.672846078872681
0.129439115524292
5.803572177886963
1.952127456665039
8.988921642303467
0.1397087574005127
5.098403453826904
3.7951512336730957
7.448641061782837
0.11840057373046875
5.8452088832855225
3.612217664718628
3.76971173286438
1.625797986984253
4.936672687530518
0.8047025203704834
6.551146030426025
2.8663885593414307
2.9242184162139893
2.2834296226501465
8.446685075759888
0.13616251945495605
1.7859702110290527
4.14073634147644
4.962629318237305
1.913264274597168
2.8434770107269287
1.7557041645050049
7.215288877487183
1.482334852218628
4.607830286026001
3.621101140975952
4.449131965637207
3.225274085998535
4.70562744140625
4.3193604946136475
8.323962688446045
0.1416761875152588
8.393908262252808
0.1420423984527588
9.462417602539062
0.15602660179138184
8.314503192901611
0.13754844665527344
1.142056941986084
8.177495002746582
0.138702392578125
3.5943188667297363
4.722854137420654
2.0564990043640137
2.9994418621063232
6.237976789474487
2.1715028285980225
4.853278875350952
8.44215202331543
0.13281917572021484
4.853586673736572
6.848979949951172
6.222956657409668
3.5097546577453613
2.978929281234741
5.183255672454834
4.634685039520264
2.112091541290283
4.821161270141602
5.4634363651275635
7.674850225448608
0.12604379653930664
4.444861173629761
4.371681213378906
3.2577908039093018
1.7644810676574707
2.765312910079956
2.5385544300079346
2.830156087875366
4.42988920211792
3.278412103652954
8.516120195388794
0.13740110397338867
2.6513242721557617
2.161651611328125
5.0625293254852295
5.117353200912476
5.6340978145599365
2.026028633117676
6.253622770309448
2.851560592651367
5.04023551940918
4.247638940811157
5.01184344291687
4.715444087982178
3.1091933250427246
1.264244794845581
6.058619022369385
9.958567142486572
0.15974164009094238
2.466383457183838
1.9844965934753418
1.34889554977417
5.167727947235107
4.145615577697754
3.031217575073242
6.473766803741455
2.9334614276885986
6.532944679260254
6.372676849365234
1.6819512844085693
4.642621278762817
4.703545570373535
5.527846097946167
6.258991956710815
5.47337794303894
1.085871696472168
3.356961250305176
3.0580692291259766
4.076940298080444
9.233714818954468
0.16038894653320312
1.9369490146636963
4.785979986190796
2.86606764793396
2.672226905822754
3.9658055305480957
9.00208306312561
0.14261269569396973
2.04368257522583
5.039307117462158
6.170858144760132
7.896299600601196
0.12669849395751953
2.5738608837127686
7.651355266571045
0.12899208068847656
5.910110950469971
2.6426749229431152
3.838611364364624
6.403069019317627
6.277875661849976
6.256418466567993
2.3201944828033447
5.5836029052734375
7.318368673324585
0.12978339195251465
4.474247455596924
3.579239845275879
7.835645437240601
0.13969635963439941
3.3905985355377197
8.578508615493774
0.14012551307678223
6.155035972595215
2.3068172931671143
5.874574661254883
6.302935838699341
1.9210741519927979
3.6961922645568848
1.2468228340148926
8.907613277435303
0.143629789352417
3.7070186138153076
3.8688740730285645
1.3764727115631104
2.8777449131011963
7.228658676147461
2.762221574783325
7.666150808334351
0.12245416641235352
3.4721996784210205
5.95150089263916
7.717042684555054
0.1308460235595703
4.4732749462127686
3.153212785720825
3.141721487045288
6.799530506134033
3.7066988945007324
2.1922945976257324
1.6296899318695068
8.65425705909729
0.1308286190032959
7.281984567642212
0.13937067985534668
3.5608925819396973
4.43173885345459
4.894345760345459
6.432927370071411
3.464694023132324
6.249508380889893
4.687007427215576
5.181043863296509
3.2664785385131836
2.3045365810394287
5.240972518920898
5.474355459213257
3.0774455070495605
3.886460781097412
2.680839776992798
5.537640810012817
7.7680442333221436
0.12456321716308594
1.74894118309021
4.79102087020874
3.886488676071167
2.430591106414795
10.156733512878418
0.16153883934020996
7.510347366333008
0.13478875160217285
2.8011701107025146
8.519716024398804
0.15755319595336914
8.089117765426636
0.1334669589996338
7.5653815269470215
0.12495088577270508
2.124025344848633
8.318743228912354
0.13492965698242188
7.490417957305908
0.12934422492980957
2.6835341453552246
5.93932032585144
2.8892362117767334
7.836573123931885
0.12224602699279785
3.3049678802490234
5.838115930557251
9.7016921043396
0.15727496147155762
5.638303279876709
6.985669851303101
2.497425079345703
4.513528108596802
5.128847599029541
8.646211624145508
0.13616657257080078
7.98438286781311
0.12999558448791504
2.949589490890503
9.537180662155151
0.1527550220489502
7.30531907081604
0.1278095245361328
5.278530120849609
8.905837059020996
0.13794231414794922
4.475363492965698
4.926370620727539
2.0508575439453125
7.846129655838013
0.12526178359985352
1.0843796730041504
3.973752737045288
7.325860261917114
0.1195676326751709
3.74798321723938
8.630046844482422
0.13470935821533203
3.0263354778289795
5.619033098220825
3.804844379425049
4.926044225692749
7.161424875259399
0.11960458755493164
1.8256709575653076
2.8705718517303467
8.631117820739746
0.14494109153747559
1.2213327884674072
2.3082115650177
8.999637126922607
0.1453227996826172
9.657210350036621
0.1649479866027832
8.917516946792603
0.14553451538085938
5.991865396499634
3.848646640777588
3.015516757965088
3.584609031677246
3.0902130603790283
4.561679840087891
8.722823858261108
0.13918375968933105
6.082592964172363
2.837449550628662
5.214624881744385
2.7981529235839844
4.677686452865601
4.597570180892944
7.578226089477539
0.12192034721374512
3.049482822418213
5.153352975845337
1.9681501388549805
3.556039571762085
6.305908441543579
8.78508734703064
0.13795137405395508
5.276216983795166
3.040693998336792
8.80622124671936
0.13936090469360352
2.741028070449829
8.490227699279785
0.13399767875671387
6.33366847038269
4.625757694244385
2.7817671298980713
8.316837072372437
0.13723325729370117
8.23957085609436
0.13273167610168457
1.403935194015503
4.651632070541382
8.660869359970093
0.1349942684173584
3.2624239921569824
4.739359378814697
2.9453210830688477
9.199987173080444
0.14536261558532715
4.959494113922119
8.42823600769043
0.13295269012451172
8.073298215866089
0.1405012607574463
2.730607271194458
3.842315912246704
3.601207971572876
4.768097877502441
3.02358078956604
6.408756256103516
3.031903028488159
2.89760160446167
2.9107882976531982
7.595836639404297
0.1299114227294922
8.664788007736206
0.1424999237060547
2.6042635440826416
3.324617385864258
5.431568384170532
7.959192752838135
0.14691877365112305
1.6338984966278076
3.1524240970611572
2.928804397583008
4.784535884857178
3.7753422260284424
5.533801555633545
8.62628698348999
0.14324617385864258
3.136394500732422
3.4047203063964844
1.5904555320739746
5.56647801399231
4.149735927581787
8.512524604797363
0.14077472686767578
2.877262830734253
2.0773911476135254
1.8279411792755127
8.686209917068481
0.13445711135864258
2.7516772747039795
3.634944438934326
3.542900323867798
0.8838729858398438
2.7656986713409424
8.248323440551758
0.13542866706848145
6.057502508163452
6.090363025665283
9.728926181793213
0.18320584297180176
2.8730876445770264
6.398194313049316
4.676285743713379
3.8419699668884277
1.7471675872802734
7.436748743057251
0.12415933609008789
8.906495094299316
0.14391160011291504
3.3844151496887207
8.934784412384033
0.15990066528320312
0.952559232711792
2.4801976680755615
2.037445068359375
3.1722123622894287
2.2588815689086914
2.990813970565796
2.4867379665374756
1.527315378189087
1.6827857494354248
3.140634536743164
8.764111995697021
0.1427772045135498
4.693251848220825
3.8159632682800293
2.2805826663970947
3.768561840057373
2.566746473312378
7.915935277938843
0.12481498718261719
4.758265972137451
2.2329142093658447
7.834784984588623
0.1669471263885498
4.731410503387451
2.1151931285858154
6.8374714851379395
3.021092176437378
9.850663423538208
0.14877605438232422
3.376347303390503
4.967631578445435
5.537445306777954
1.2071802616119385
6.220799684524536
6.093075513839722
4.68127179145813
1.3127143383026123
2.1577160358428955
4.964675188064575
1.6051645278930664
9.884474039077759
0.163069486618042
5.252763986587524
8.201155424118042
0.13913512229919434
2.8784313201904297
4.5327064990997314
8.490915298461914
0.14115500450134277
2.0903637409210205
1.3923275470733643
6.385878801345825
3.8415727615356445
8.970288515090942
0.1392369270324707
1.709995985031128
2.671001672744751
5.026074171066284
4.1466968059539795
0.8082458972930908
6.449670791625977
4.832431793212891
7.794443607330322
0.13668584823608398
9.459861755371094
0.1512908935546875
7.43078088760376
0.13033771514892578
4.626885890960693
4.818385362625122
5.454636573791504
2.6155216693878174
4.959923028945923
3.499903440475464
4.134408712387085
2.719012975692749
3.008009433746338
9.109474182128906
0.1457052230834961
5.931511878967285
6.088043928146362
2.9921722412109375
2.5760304927825928
9.923213005065918
0.15393829345703125
0.9632778167724609
3.5977959632873535
8.305450916290283
0.13833117485046387
6.010005950927734
2.605175256729126
2.8935348987579346
3.723979949951172
3.9246151447296143
5.0311243534088135
7.333162546157837
0.15524506568908691
7.055742979049683
0.12166428565979004
4.16368293762207
4.8515660762786865
3.613126039505005
4.781714677810669
4.632068634033203
4.967272996902466
6.2962565422058105
6.242372035980225
8.063238620758057
0.1306300163269043
1.2117152214050293
10.049773454666138
0.1571791172027588
7.038795709609985
0.12014102935791016
3.0509555339813232
6.2820398807525635
2.2072460651397705
2.8380839824676514
3.039050579071045
4.787343740463257
2.9784345626831055
3.375718593597412
2.557063579559326
4.049630165100098
4.135922908782959
5.378826856613159
6.290578365325928
6.690260648727417
8.461012125015259
0.13827013969421387
8.88205075263977
0.14482760429382324
1.9992878437042236
5.000908136367798
2.5165743827819824
8.296837329864502
0.17647480964660645
2.7541816234588623
8.308466672897339
0.14319133758544922
5.951145172119141
1.8974714279174805
6.429635286331177
8.308461904525757
0.14070987701416016
4.659369230270386
3.381359577178955
2.3322789669036865
8.739212989807129
0.13466858863830566
1.7197256088256836
6.390754699707031
4.621424436569214
4.681366443634033
2.7237884998321533
5.560039281845093
2.606232166290283
2.541978359222412
0.9638245105743408
4.89251971244812
6.269977807998657
2.9782962799072266
6.350379943847656
3.487119674682617
1.651390552520752
4.745607137680054
2.5776469707489014
6.587084531784058
3.9003915786743164
9.072943210601807
0.14092159271240234
4.365732669830322
5.122213840484619
2.4941697120666504
5.0975799560546875
7.9318695068359375
0.12093162536621094
5.037415027618408
2.4275026321411133
3.0181944370269775
3.773237705230713
1.7589452266693115
2.8408663272857666
4.852924108505249
4.633092403411865
4.558586120605469
4.621504545211792
8.096057891845703
0.1340470314025879
2.451657772064209
4.303879261016846
5.86379861831665
3.0979323387145996
3.4887454509735107
1.8824801445007324
9.8214693069458
0.15447616577148438
6.0295045375823975
3.057358503341675
3.5898077487945557
3.1353111267089844
6.331302165985107
2.760735511779785
4.180422067642212
6.149040222167969
5.334564447402954
2.075685977935791
7.916370153427124
0.13590621948242188
2.8225274085998535
7.087165117263794
0.11943268775939941
2.736729383468628
3.273066520690918
4.235650062561035
4.4978718757629395
6.748665809631348
0.12584519386291504
5.687103986740112
4.572211742401123
6.093567848205566
3.6515190601348877
2.277461051940918
3.0100455284118652
7.429800033569336
0.13503384590148926
2.477315902709961
3.6624019145965576
5.599495887756348
8.166857242584229
0.13551855087280273
3.4538075923919678
1.6175329685211182
4.759877681732178
5.785626649856567
1.616170883178711
8.010354042053223
0.13440489768981934
1.5645952224731445
7.031357765197754
3.487187147140503
6.787462949752808
8.165395021438599
0.1452164649963379
5.175567150115967
5.839676856994629
1.2757558822631836
6.373621225357056
2.8530733585357666
5.180819511413574
5.909541130065918
2.6950790882110596
7.487809181213379
0.13106942176818848
4.348397493362427
4.016552448272705
2.8736495971679688
2.781919479370117
5.094697952270508
5.883131265640259
5.324471712112427
3.613123893737793
5.86763858795166
2.6866295337677
4.586107969284058
4.473826885223389
9.427030324935913
0.16769790649414062
7.245333671569824
0.12158823013305664
4.189092636108398
6.431427717208862
8.260172605514526
0.1472761631011963
3.319244623184204
5.117120742797852
4.65632176399231
5.106294870376587
7.994107723236084
0.12769174575805664
6.686600208282471
0.12033820152282715
5.816284418106079
4.560236215591431
1.9852197170257568
3.7632153034210205
2.04400372505188
2.8240058422088623
1.972733497619629
2.9925475120544434
2.3351213932037354
4.5337536334991455
6.2394819259643555
7.4649388790130615
0.13103675842285156
1.1756865978240967
4.038226366043091
5.042455673217773
3.082042694091797
7.035587787628174
0.1251211166381836
2.551968812942505
6.756598472595215
7.150891304016113
0.12661433219909668
7.874075412750244
0.1356799602508545
5.14310622215271
7.390424966812134
0.12706804275512695
7.27178168296814
0.12965106964111328
3.1320576667785645
4.983760356903076
8.176340103149414
0.14393401145935059
8.223006010055542
0.18149375915527344
3.5487091541290283
2.854229688644409
2.425096273422241
2.7395904064178467
2.0474557876586914
3.542703866958618
2.7175962924957275
2.8431332111358643
4.869244337081909
7.322239637374878
0.11939692497253418
5.63026762008667
3.9307196140289307
5.850876569747925
2.760511875152588
3.1128034591674805
3.051677942276001
0.8898825645446777
3.0466907024383545
2.6395835876464844
2.8148632049560547
4.3962061405181885
2.0079004764556885
1.8167665004730225
1.5072424411773682
0.898472785949707
6.393696069717407
3.0365681648254395
5.84638237953186
4.46687126159668
3.615372896194458
3.225522994995117
6.208516836166382
7.4777350425720215
0.1316523551940918
2.7367496490478516
4.9280664920806885
1.344008445739746
6.150278568267822
6.087862730026245
8.46472978591919
0.14002323150634766
6.728682041168213
0.16492462158203125
7.822115898132324
0.1323869228363037
4.48485541343689
6.03121280670166
7.266783237457275
0.12705373764038086
6.067003965377808
7.134307861328125
0.13140869140625
2.2690787315368652
2.9261634349823
1.5829071998596191
6.779507398605347
2.6076958179473877
1.3619327545166016
8.22381067276001
0.13216662406921387
5.154244899749756
1.2887685298919678
5.279180288314819
7.098891973495483
8.709233045578003
0.14397573471069336
6.997430801391602
0.1246490478515625
2.5593361854553223
5.470548868179321
2.886937379837036
3.194993495941162
6.004748106002808
5.927732706069946
8.095444679260254
0.1395585536956787
3.49109148979187
2.8906805515289307
4.810223340988159
4.753048419952393
4.812927007675171
6.530050039291382
9.349087238311768
0.15130043029785156
2.503211259841919
5.970072507858276
3.9564130306243896
2.6607813835144043
3.2287120819091797
5.943155765533447
4.438920259475708
9.412870168685913
0.15925002098083496
5.215774774551392
4.70388388633728
3.7727952003479004
3.4201979637145996
1.9336519241333008
2.140951633453369
5.2719504833221436
6.650376319885254
6.920815467834473
3.6176693439483643
6.967033386230469
0.12764310836791992
5.823993444442749
4.568524122238159
7.437955856323242
0.16494345664978027
3.8759605884552
4.729742527008057
6.171961069107056
8.045680046081543
0.140106201171875
3.9626963138580322
4.391748428344727
2.9843666553497314
2.8998591899871826
3.696483612060547
7.3821861743927
0.13024616241455078
3.436690092086792
4.772596836090088
2.2999684810638428
2.096973419189453
5.589118957519531
9.57802700996399
0.1580970287322998
5.603556871414185
3.785212516784668
1.9438807964324951
1.8417766094207764
3.4363036155700684
7.312496185302734
0.12529420852661133
1.1829075813293457
8.217521667480469
0.13297581672668457
4.161755800247192
1.5304384231567383
6.479483366012573
4.066868782043457
2.967397451400757
2.74350905418396
8.195171117782593
0.16228556632995605
2.592646598815918
3.674051523208618
1.9136505126953125
2.9766845703125
3.4699501991271973
8.202876329421997
0.13819432258605957
4.3499555587768555
2.246744394302368
4.240506887435913
2.8507144451141357
4.616504669189453
3.136099100112915
2.947389602661133
1.7222015857696533
2.909090042114258
8.714890956878662
0.14098143577575684
3.6872758865356445
6.027132987976074
7.173640489578247
0.11707520484924316
5.615424871444702
2.55643892288208
2.6989123821258545
2.9084413051605225
4.745601415634155
3.140862226486206
2.7735238075256348
1.9821357727050781
5.314110040664673
3.415487289428711
1.9968769550323486
3.175436019897461
4.516774892807007
1.1894464492797852
2.028123140335083
7.570525646209717
0.1260533332824707
6.761301755905151
0.12303543090820312
7.531048536300659
0.13581252098083496
3.1668403148651123
5.770920038223267
1.4160194396972656
6.51115608215332
4.631666421890259
7.338284254074097
0.12942051887512207
3.0043299198150635
2.0593535900115967
2.6954543590545654
4.147359609603882
1.6025424003601074
4.849563360214233
3.592871904373169
6.33273720741272
4.75846266746521
1.699089765548706
4.633723735809326
2.466414213180542
7.060454368591309
0.12534499168395996
1.7660176753997803
2.109990119934082
4.495968341827393
2.673677444458008
9.385470628738403
0.15983796119689941
4.238144159317017
6.204477071762085
8.367118835449219
0.1465291976928711
1.8087043762207031
3.9155116081237793
8.651968002319336
0.13820791244506836
2.1696949005126953
2.13035249710083
8.48472809791565
0.14468884468078613
2.4749679565429688
6.135809421539307
3.491522789001465
7.945293188095093
0.13696694374084473
3.317788600921631
4.985358715057373
5.3576836585998535
5.9708452224731445
2.8501853942871094
2.0248072147369385
5.36186957359314
2.6556742191314697
2.951955556869507
2.0054779052734375
1.7027649879455566
4.682294845581055
2.8239102363586426
1.9489121437072754
3.7253952026367188
4.380592346191406
3.3454108238220215
4.648053169250488
5.215013027191162
5.848862171173096
0.756044864654541
2.3332090377807617
1.6423256397247314
2.905999183654785
4.85439658164978
5.211470365524292
2.1495730876922607
2.4617109298706055
3.061061382293701
8.383646011352539
0.13944077491760254
5.0376362800598145
3.8075203895568848
4.674901962280273
1.2002277374267578
1.017894983291626
2.8741366863250732
2.6396658420562744
1.3615460395812988
2.686821222305298
3.2570838928222656
5.358155250549316
1.8687448501586914
2.7140355110168457
9.260498046875
0.17660212516784668
4.551538705825806
8.379348039627075
0.1447756290435791
2.7282321453094482
8.254478693008423
0.14142489433288574
1.8519830703735352
3.5007970333099365
2.9338104724884033
2.448021411895752
3.112441062927246
3.3443806171417236
3.765676975250244
3.4417457580566406
2.9177677631378174
1.9687066078186035
2.796537399291992
4.851934194564819
6.2318115234375
4.287493944168091
5.303191423416138
3.2842857837677
7.103151321411133
0.12416195869445801
7.258354902267456
0.1288299560546875
7.192431211471558
0.1294710636138916
3.529383420944214
6.137969970703125
3.458747148513794
3.871532917022705
8.493608713150024
0.13617944717407227
1.005812644958496
6.1466286182403564
5.715111255645752
2.8165013790130615
1.7035529613494873
2.829801321029663
1.6248011589050293
3.921116352081299
1.7595582008361816
4.039336681365967
2.283629894256592
2.889221429824829
8.701473712921143
0.15798568725585938
3.5519120693206787
1.5392773151397705
2.347923517227173
3.9400432109832764
3.2669036388397217
7.312897205352783
0.12917828559875488
2.039581060409546
6.4090895652771
7.045992136001587
0.13116002082824707
3.684451103210449
1.9976251125335693
3.2001471519470215
8.057121276855469
0.13828563690185547
2.381035089492798
4.635115385055542
2.4699149131774902
3.5404837131500244
1.9838736057281494
1.8039562702178955
2.0637991428375244
2.5605106353759766
8.37778377532959
0.13944602012634277
7.185380220413208
0.13127517700195312
4.391999244689941
1.6537058353424072
3.587226629257202
7.906510829925537
0.13183331489562988
7.746661901473999
0.13717246055603027
3.2732808589935303
4.141996622085571
8.384077548980713
0.14398694038391113
4.841394901275635
6.240334749221802
6.137466192245483
2.2042133808135986
2.784087896347046
7.959436893463135
0.13122105598449707
6.027679681777954
3.4317641258239746
3.1969404220581055
3.448303461074829
2.6260886192321777
5.895564079284668
3.467482089996338
3.769345760345459
6.084935665130615
5.145487546920776
2.926642417907715
2.6284966468811035
2.07159161567688
4.644771099090576
3.784958600997925
4.403937339782715
2.6420960426330566
2.112222194671631
6.202712297439575
2.823098659515381
1.3509294986724854
2.666285991668701
2.023019790649414
3.5637307167053223
3.7416553497314453
9.915548086166382
0.15355396270751953
6.732893228530884
0.13012409210205078
4.175246477127075
6.066348075866699
8.160677194595337
0.1336658000946045
1.7657556533813477
3.7224533557891846
6.123483419418335
2.6481752395629883
4.162672281265259
2.0642638206481934
7.816483497619629
0.13071370124816895
7.497368574142456
0.13281655311584473
7.339661359786987
0.12535786628723145
6.217469930648804
5.450975656509399
1.573244571685791
4.099689245223999
2.0395805835723877
4.854615688323975
5.896876096725464
4.515365123748779
3.7212820053100586
3.689704418182373
3.688532590866089
1.501166820526123
3.0222387313842773
7.9299845695495605
0.13269591331481934
1.8560481071472168
4.9526448249816895
7.560457706451416
0.12653350830078125
9.642724752426147
0.15329837799072266
4.988862037658691
4.6493611335754395
2.9983863830566406
1.9531793594360352
5.005042791366577
2.142796039581299
2.922675609588623
5.150344133377075
7.679096698760986
0.13112449645996094
2.4174485206604004
7.356241703033447
0.1224832534790039
4.4678285121917725
6.229885816574097
8.354611873626709
0.13404631614685059
3.2567527294158936
9.011459589004517
0.14508700370788574
8.461994171142578
0.1416921615600586
1.1132116317749023
6.942711591720581
0.12249636650085449
2.656447172164917
1.770554542541504
5.777425050735474
2.7615151405334473
3.5979366302490234
2.0530803203582764
4.876699447631836
3.7914557456970215
6.459206581115723
2.272054672241211
2.2899866104125977
6.098642587661743
2.110076904296875
3.962484836578369
2.2305166721343994
6.487486362457275
8.542355060577393
0.13871312141418457
2.74006986618042
5.93437647819519
2.897291898727417
4.814316987991333
4.714157342910767
4.06636643409729
6.325273752212524
2.1802847385406494
7.696542501449585
0.12563538551330566
6.076160430908203
4.401857852935791
7.343456983566284
0.13061213493347168
7.7124879360198975
0.13357877731323242
4.839318752288818
3.016125202178955
4.503178358078003
6.1638898849487305
4.869277000427246
3.221553325653076
3.1861510276794434
7.474087476730347
0.1285858154296875
3.385693073272705
4.55938196182251
4.81007719039917
1.959442377090454
5.260024309158325
1.8793511390686035
3.045846939086914
8.751445293426514
0.14112138748168945
7.83251953125
0.1382312774658203
2.1247408390045166
6.09090781211853
2.1900064945220947
2.8506712913513184
7.627616882324219
0.1313033103942871
3.486935615539551
7.42477011680603
0.1365373134613037
4.424100637435913
2.1072757244110107
2.934236764907837
7.678490877151489
0.12990641593933105
2.163543701171875
7.816375970840454
0.13138103485107422
6.397054672241211
7.443071603775024
0.1281592845916748
6.864349842071533
0.12505531311035156
7.971855878829956
0.1371750831604004
1.8507544994354248
1.3343994617462158
3.199023485183716
2.0265257358551025
2.2144083976745605
3.36662220954895
5.94669508934021
6.042125701904297
2.811983823776245
6.382119178771973
3.3105292320251465
7.242887020111084
0.12198925018310547
6.499398231506348
3.396050453186035
3.2973062992095947
2.8596370220184326
4.616365432739258
7.952176332473755
0.1319723129272461
3.519456386566162
1.3651809692382812
1.4171411991119385
8.008191347122192
0.13236284255981445
4.991581439971924
2.8203954696655273
3.294865846633911
5.847020864486694
4.674757242202759
8.047102212905884
0.16112351417541504
4.828723192214966
2.55315899848938
6.664343595504761
6.046928644180298
2.8189802169799805
2.983018159866333
5.906667232513428
1.4155395030975342
5.5840370655059814
2.430992841720581
4.078421592712402
5.992616176605225
8.220257759094238
0.13540911674499512
3.2116799354553223
4.34626579284668
2.3607304096221924
3.0592846870422363
3.025965452194214
6.530189514160156
4.766052484512329
1.5661334991455078
6.426422595977783
2.9083786010742188
2.866901397705078
4.516375780105591
2.8006818294525146
1.9256787300109863
2.295457601547241
2.1098790168762207
6.396193027496338
9.543644428253174
0.15536832809448242
7.178959608078003
0.13059091567993164
3.7260897159576416
2.529799461364746
7.488867282867432
0.13248682022094727
1.551100492477417
5.1009440422058105
3.531202793121338
3.483576774597168
5.92569637298584
5.1807780265808105
1.293208122253418
2.1237411499023438
7.543127536773682
0.13168907165527344
6.855766534805298
0.11940288543701172
7.04246973991394
0.12348604202270508
6.00916051864624
6.943623065948486
3.098647356033325
4.779261589050293
2.611510992050171
6.578052282333374
2.991196393966675
3.256901979446411
6.628042936325073
2.862438678741455
3.883329153060913
2.1435632705688477
6.604456186294556
3.4225409030914307
1.2408030033111572
4.51953649520874
5.703230619430542
3.8071508407592773
1.841550350189209
2.3702940940856934
3.1603505611419678
5.241085529327393
4.427460193634033
2.7444324493408203
2.8363375663757324
7.567459583282471
0.1307687759399414
3.281687021255493
2.40510630607605
6.139258861541748
3.591675043106079
4.571622610092163
1.5899510383605957
5.415156602859497
3.7294082641601562
5.436128377914429
5.843748092651367
1.2941970825195312
8.134182691574097
0.13438153266906738
9.410822868347168
0.15478110313415527
3.5398738384246826
6.060981035232544
4.494163513183594
3.940962076187134
5.882984161376953
8.51911997795105
0.14402365684509277
5.894481897354126
5.780955076217651
1.8888978958129883
3.9504072666168213
4.857444524765015
3.877291440963745
5.917469263076782
2.886258840560913
3.07482647895813
3.169459819793701
3.7428200244903564
3.69635009765625
5.143415689468384
1.9692111015319824
8.972029447555542
0.14905071258544922
2.8317534923553467
2.9450323581695557
7.069468975067139
4.834304571151733
1.8618035316467285
3.883692502975464
7.635878086090088
0.13179278373718262
1.4406330585479736
2.059154987335205
7.150006055831909
2.2598483562469482
8.608108282089233
0.13722562789916992
2.005032777786255
2.896988868713379
2.252751350402832
2.8648130893707275
3.8294243812561035
9.528729677200317
0.18111300468444824
7.124098539352417
0.1272115707397461
5.43827223777771
3.555786609649658
6.084687232971191
2.6688120365142822
2.1209938526153564
2.003601551055908
2.6912662982940674
9.39928650856018
0.16348028182983398
3.807751178741455
2.287855386734009
4.424825668334961
3.317169666290283
4.479497671127319
2.0049850940704346
4.647625684738159
4.330142498016357
8.427006483078003
0.13687872886657715
2.600001096725464
6.182445526123047
2.8583781719207764
0.8915650844573975
6.518823146820068
3.7081968784332275
2.0236458778381348
2.0839741230010986
8.340654850006104
0.13948678970336914
2.3493194580078125
3.602027654647827
5.0964508056640625
4.369922637939453
1.6574559211730957
7.77174973487854
0.15383648872375488
3.505223274230957
3.1693856716156006
2.7798011302948
8.353954553604126
0.13164615631103516
2.1454830169677734
6.15214991569519
5.315535306930542
8.55177092552185
0.13819146156311035
2.304373264312744
5.383116245269775
3.0564332008361816
1.9669303894042969
2.902575969696045
2.9329330921173096
3.6245999336242676
7.4204628467559814
0.12161779403686523
4.3993940353393555
4.833517551422119
7.302813291549683
0.12923479080200195
6.173922538757324
2.482346773147583
6.096599340438843
2.358736991882324
6.461624622344971
4.645035982131958
2.0406980514526367
1.3934762477874756
5.1355555057525635
6.014064073562622
2.6068687438964844
4.652176141738892
4.407131671905518
2.687293529510498
6.334588289260864
4.4700963497161865
6.101486921310425
5.01770544052124
1.5884270668029785
5.038472414016724
5.826948165893555
2.801055431365967
5.3987462520599365
3.4335906505584717
5.499360084533691
7.4004905223846436
0.1647806167602539
2.6278045177459717
5.650150537490845
4.984414100646973
2.134993076324463
1.631098747253418
6.128077745437622
3.629182815551758
2.6588568687438965
6.406987905502319
3.943342685699463
0.9283232688903809
7.066969394683838
3.8149969577789307
4.317780256271362
8.555409669876099
0.15904712677001953
1.8761653900146484
6.494957447052002
1.2280433177947998
3.7185111045837402
2.690808057785034
7.187710762023926
0.12301087379455566
4.187018156051636
2.4228034019470215
5.411895513534546
3.298656702041626
7.2611329555511475
0.12347745895385742
9.28396987915039
0.15649747848510742
9.390227317810059
0.1603546142578125
7.238900899887085
0.1285405158996582
5.779389381408691
4.2352447509765625
3.9498114585876465
1.5695064067840576
6.088576316833496
8.552261114120483
0.14609789848327637
2.896101951599121
2.0621602535247803
4.435748100280762
2.237149477005005
7.841510057449341
0.13107895851135254
2.932011127471924
2.8779959678649902
2.76088547706604
7.33132529258728
0.12263655662536621
1.1242427825927734
4.668192148208618
3.6662404537200928
7.038568496704102
0.12197566032409668
6.62670111656189
3.628030776977539
2.2709877490997314
5.3441174030303955
1.9670581817626953
3.512767791748047
8.049461841583252
0.13785123825073242
3.627534866333008
5.289055347442627
8.437306880950928
0.1360001564025879
0.6430158615112305
8.80080795288086
0.13535380363464355
1.9081778526306152
2.9576919078826904
1.199354887008667
4.873842477798462
8.150948286056519
0.13418149948120117
2.801762342453003
6.145402908325195
1.7469780445098877
9.549199104309082
0.15716123580932617
3.9692492485046387
2.3995654582977295
2.710218906402588
1.2635831832885742
2.739731788635254
7.278529644012451
0.12477445602416992
1.1796679496765137
2.840815544128418
6.233464241027832
3.357292413711548
0.8531882762908936
2.071187973022461
1.6698732376098633
6.419519901275635
7.53125524520874
0.12714219093322754
1.8314146995544434
2.814148426055908
3.1557297706604004
4.369404077529907
3.4655473232269287
2.7089343070983887
1.9484367370605469
3.9374451637268066
8.61221718788147
0.1611652374267578
3.582871437072754
3.947793960571289
2.132716655731201
5.96692681312561
2.268078088760376
7.654430866241455
0.12650489807128906
4.700942039489746
2.8936808109283447
3.4833836555480957
5.215841293334961
5.039882183074951
2.232022762298584
4.7318010330200195
7.515284299850464
0.13157248497009277
7.711233139038086
0.13083362579345703
8.589526414871216
0.15379619598388672
1.6601004600524902
8.373695611953735
0.14206480979919434
2.317286491394043
6.119130611419678
3.984081983566284
2.835961103439331
3.56205153465271
2.1088547706604004
2.815192937850952
3.046076536178589
2.2326202392578125
3.038245677947998
2.5717406272888184
1.723442792892456
5.181866645812988
2.9127798080444336
1.438659906387329
6.08110237121582
2.615370750427246
2.9395265579223633
4.041576623916626
2.294379234313965
3.655198574066162
2.2518491744995117
6.320939302444458
6.058178424835205
5.636907577514648
4.035489559173584
3.1365628242492676
1.9371063709259033
6.047975301742554
4.695878505706787
2.7035388946533203
2.3975303173065186
2.2259912490844727
2.4691553115844727
4.8526716232299805
1.6939647197723389
4.826687812805176
2.4168543815612793
3.3245415687561035
5.4900171756744385
4.073619365692139
2.1166622638702393
2.890944719314575
5.2787604331970215
9.647318363189697
0.15699481964111328
2.77264666557312
6.172087907791138
1.818784475326538
4.1457507610321045
2.5925281047821045
6.601089715957642
1.6531264781951904
2.1152584552764893
3.0143561363220215
2.8381731510162354
1.1513891220092773
1.320127248764038
2.566816568374634
4.85356068611145
1.888537883758545
3.9436283111572266
1.7025315761566162
5.261073589324951
2.9244003295898438
8.829135179519653
0.14273357391357422
1.1062250137329102
4.583397388458252
2.0926949977874756
1.6903436183929443
8.212501049041748
0.13158726692199707
2.6273977756500244
2.0535900592803955
2.671372175216675
7.086497068405151
0.12118864059448242
5.730371713638306
1.877453088760376
2.827566146850586
1.9519555568695068
2.860797643661499
1.7863740921020508
1.9529848098754883
7.097224235534668
0.14966368675231934
4.506781101226807
1.1711711883544922
8.92832326889038
0.1474149227142334
1.6819803714752197
2.349358558654785
2.978848457336426
2.2865469455718994
4.787020206451416
2.5942389965057373
4.5562520027160645
9.394068241119385
0.15102267265319824
2.7458510398864746
2.7937660217285156
7.365516662597656
0.1299731731414795
2.4781086444854736
5.957661867141724
5.008618593215942
4.414989233016968
2.231691360473633
4.57078218460083
7.024738073348999
4.582570314407349
3.494964599609375
2.886308193206787
1.9900155067443848
7.934170484542847
0.1398458480834961
2.188880443572998
4.551024436950684
6.981084585189819
0.12262725830078125
1.5760631561279297
6.254755973815918
4.9248881340026855
2.5979580879211426
2.9296183586120605
5.4739909172058105
3.8517684936523438
4.388984203338623
6.203736305236816
4.886952638626099
7.366523027420044
0.1211395263671875
5.664172172546387
6.127772569656372
1.8837428092956543
5.116258382797241
2.6026482582092285
3.531755208969116
5.763441562652588
5.963510274887085
4.141343832015991
2.138723373413086
7.104323863983154
0.13213419914245605
5.134490013122559
3.479916572570801
4.714913845062256
2.237672805786133
6.024712562561035
3.848167657852173
2.6426191329956055
4.874091863632202
2.336735725402832
1.9292147159576416
2.6119799613952637
2.8465664386749268
3.9956536293029785
3.403214931488037
3.8014419078826904
4.12996244430542
8.2279634475708
0.13167715072631836
2.027470827102661
3.1245687007904053
3.005993604660034
1.714062213897705
9.57512879371643
0.15558075904846191
5.756269693374634
1.4087812900543213
3.0152747631073
3.879190683364868
3.1417596340179443
7.362111806869507
0.1225121021270752
0.6635246276855469
4.751316547393799
3.0986552238464355
3.6185638904571533
5.346987724304199
2.267336130142212
6.277527570724487
1.8997490406036377
4.796536445617676
2.8963022232055664
3.8790719509124756
2.9315106868743896
8.138123512268066
0.13818693161010742
1.519395112991333
3.0621159076690674
6.204824924468994
4.4033942222595215
2.290418863296509
3.0156238079071045
2.615917205810547
5.439711332321167
2.831766128540039
1.4871232509613037
2.6918234825134277
5.650244474411011
6.600336313247681
2.809812545776367
2.970827579498291
3.0427093505859375
5.780196666717529
2.8273136615753174
2.70339035987854
9.780551671981812
0.1668398380279541
1.545203447341919
5.384338855743408
1.8568775653839111
2.2544596195220947
5.839569330215454
3.0257809162139893
2.8208062648773193
7.244493246078491
0.12329602241516113
2.114257574081421
3.2677457332611084
5.665582656860352
3.0614373683929443
3.3535139560699463
2.658698797225952
3.0979855060577393
8.713081121444702
0.14345622062683105
2.7971208095550537
7.136768817901611
0.13306021690368652
1.3709967136383057
3.9216489791870117
2.8994412422180176
2.485062599182129
4.521448373794556
3.4318456649780273
3.2073075771331787
6.657164812088013
3.8819427490234375
6.572190999984741
6.9939048290252686
2.961993455886841
3.521031618118286
2.2812561988830566
3.743042230606079
3.012211799621582
6.349932432174683
4.6172661781311035
2.4664306640625
7.282420873641968
0.12351202964782715
3.0081732273101807
5.983604907989502
1.9629848003387451
8.804374694824219
0.14272189140319824
2.272113800048828
8.295862197875977
0.1359081268310547
2.9691550731658936
3.98779559135437
3.6127893924713135
6.936595439910889
0.12181496620178223
0.9450790882110596
5.899296283721924
2.5635759830474854
2.576345682144165
2.021249294281006
5.1429102420806885
2.79714035987854
4.312424421310425
0.810269832611084
2.4137513637542725
4.809824705123901
6.185210943222046
1.9091367721557617
4.763952255249023
4.800223350524902
4.423554182052612
5.927204370498657
3.8567750453948975
2.6898140907287598
1.9846038818359375
3.616670608520508
2.912820339202881
5.223722696304321
1.567945957183838
7.98987340927124
0.15464568138122559
6.939387798309326
0.12125086784362793
2.7689146995544434
1.961014747619629
4.675512790679932
7.406705856323242
0.12569522857666016
1.339735507965088
8.603824377059937
0.1387009620666504
4.788436412811279
1.995680809020996
3.902968168258667
4.570245742797852
1.3415634632110596
2.996779441833496
2.996462106704712
2.8938097953796387
2.67500376701355
4.581507921218872
3.0557336807250977
2.828230857849121
8.436094522476196
0.1474442481994629
3.432326555252075
8.533058881759644
0.1410841941833496
2.7420952320098877
3.2880561351776123
7.20817494392395
0.12749552726745605
4.868927240371704
5.2903666496276855
2.9070074558258057
1.4082551002502441
6.172477960586548
3.1334900856018066
4.94156289100647
4.428270101547241
3.0812385082244873
5.880175352096558
3.1014881134033203
3.723564386367798
6.037557601928711
2.056508779525757
4.462644338607788
2.5234971046447754
5.215548515319824
3.8316047191619873
2.3140206336975098
5.412436246871948
2.2242536544799805
2.9076590538024902
6.397366762161255
4.811532974243164
4.830571174621582
1.3205652236938477
8.204699516296387
0.13495302200317383
1.35520339012146
6.167902946472168
1.1616179943084717
2.1026413440704346
5.852982521057129
3.618075132369995
8.528301239013672
0.13759875297546387
2.232909917831421
9.62765884399414
0.1631932258605957
1.7960216999053955
7.472440719604492
0.12215733528137207
3.8286426067352295
2.69716215133667
2.726017713546753
2.9841482639312744
