7.071630477905273
1.0673205852508545
6.390645980834961
1.9612798690795898
1.9544172286987305
2.6912918090820312
10.100615501403809
0.44160032272338867
3.515871286392212
5.521061420440674
10.376320838928223
0.379624605178833
2.1316468715667725
3.080916404724121
4.633083343505859
4.470016717910767
3.234947443008423
9.289168357849121
0.4074099063873291
5.653501987457275
6.517871856689453
2.6115148067474365
3.4795570373535156
5.26624321937561
2.451533079147339
3.0997955799102783
2.265451192855835
7.171644687652588
5.721979379653931
4.050091743469238
3.9084925651550293
10.402316331863403
0.3802504539489746
4.569360971450806
3.494795083999634
1.1794040203094482
4.8671534061431885
1.2508277893066406
3.5254900455474854
4.767712593078613
4.532452821731567
3.9520773887634277
6.88161563873291
6.333228349685669
2.441901206970215
3.0859766006469727
5.307832956314087
3.5478155612945557
1.6566162109375
6.18015193939209
6.770411729812622
3.353111982345581
1.9508872032165527
7.1274755001068115
1.9270508289337158
1.2319715023040771
2.7789647579193115
4.916722059249878
6.499583721160889
6.055851459503174
4.61732292175293
5.66574239730835
2.8945562839508057
3.0118727684020996
2.0613625049591064
2.3737545013427734
4.000258207321167
3.1657629013061523
7.419997930526733
6.437856912612915
7.516833305358887
5.880544662475586
4.827710390090942
2.790109634399414
3.748054027557373
7.279203653335571
2.1975488662719727
6.143911123275757
2.993699073791504
1.4505951404571533
2.2854092121124268
2.151423692703247
2.5021886825561523
2.1768808364868164
7.101981163024902
4.060213565826416
6.087661504745483
6.867807626724243
8.943007707595825
0.42180728912353516
1.9346873760223389
2.584885358810425
4.738476753234863
3.4869844913482666
4.395723581314087
2.7021069526672363
2.5281033515930176
6.5078418254852295
5.565212965011597
1.5876495838165283
3.3443961143493652
3.333474636077881
3.4826817512512207
3.5787439346313477
4.687506675720215
4.419934272766113
1.9599828720092773
1.876572847366333
3.606020450592041
6.873924970626831
3.3304338455200195
2.4404172897338867
1.921417474746704
6.074107885360718
1.7394371032714844
9.08840560913086
0.3488013744354248
5.118147611618042
2.6069881916046143
2.628734588623047
4.069950342178345
1.936427354812622
7.103408098220825
2.3391592502593994
6.857853174209595
1.6377568244934082
6.904507637023926
1.5409808158874512
8.937963724136353
0.4006974697113037
1.5736064910888672
4.796844720840454
1.987436294555664
4.83555269241333
2.2069034576416016
3.875492572784424
7.8052027225494385
0.36089634895324707
3.087970495223999
2.990558624267578
1.956348180770874
7.013828277587891
2.4104835987091064
4.930766820907593
4.2409515380859375
3.6482343673706055
2.5254032611846924
3.476008653640747
4.49454402923584
3.87276554107666
3.720137357711792
4.552417039871216
3.7055246829986572
4.695005893707275
2.51646089553833
7.814727067947388
0.3067326545715332
1.536743402481079
4.960559844970703
1.8615550994873047
3.146009683609009
9.962221622467041
0.3838038444519043
2.686984062194824
6.499939203262329
3.651902914047241
4.646901845932007
2.0566775798797607
2.7147433757781982
3.2951629161834717
4.307124614715576
4.4489500522613525
2.51674222946167
2.6692988872528076
1.3748383522033691
2.9486916065216064
2.0974771976470947
3.2063026428222656
2.5315957069396973
5.080433368682861
6.791866779327393
2.081695795059204
7.8744378089904785
0.31154632568359375
2.2443528175354004
3.815490484237671
3.3556127548217773
2.242567300796509
3.8178091049194336
8.09026837348938
0.35893940925598145
1.2896974086761475
3.674098253250122
8.963373184204102
0.33848023414611816
6.244717597961426
2.0200912952423096
3.200444459915161
5.810001373291016
3.610827684402466
2.21109676361084
6.983895301818848
2.8738162517547607
3.4558401107788086
2.6762354373931885
3.6103436946868896
3.6318798065185547
2.2295849323272705
2.1188387870788574
9.428953886032104
0.35328006744384766
0.5435242652893066
7.929168701171875
0.31039977073669434
1.4371578693389893
4.1876420974731445
3.4267466068267822
2.299150228500366
3.5369338989257812
1.6989529132843018
6.27952241897583
6.6753623485565186
8.531460285186768
0.396390438079834
1.645064353942871
4.419409513473511
5.558637380599976
1.8070719242095947
3.15632700920105
1.2612979412078857
9.636821508407593
0.35423970222473145
1.6142933368682861
2.5703442096710205
3.549738645553589
2.9033682346343994
6.360799074172974
3.2610862255096436
4.030404806137085
2.0171146392822266
5.786217212677002
4.508737802505493
2.7179319858551025
2.8880021572113037
1.6409080028533936
3.437504768371582
3.165287733078003
3.6208436489105225
3.299827814102173
3.448676347732544
3.6194705963134766
4.802515029907227
4.634311676025391
4.666101455688477
4.4594714641571045
4.216939687728882
2.489178419113159
1.3997530937194824
3.4753830432891846
3.2017030715942383
7.072410821914673
3.0932223796844482
3.4550015926361084
6.132508754730225
2.2914459705352783
4.617770195007324
4.563169240951538
2.3799426555633545
4.691264629364014
2.3534836769104004
2.685089349746704
3.5061862468719482
3.6097257137298584
3.0997097492218018
3.619838237762451
7.244645357131958
2.157615900039673
3.2222273349761963
2.376105546951294
4.642480373382568
3.0789284706115723
4.86744499206543
1.9852187633514404
2.788154125213623
2.773228406906128
3.8169491291046143
3.2276065349578857
3.641824722290039
3.268418312072754
2.320836305618286
6.299033880233765
3.368313789367676
4.962549686431885
2.0229997634887695
3.5986104011535645
3.5480422973632812
6.586523056030273
8.663984537124634
0.33870577812194824
4.591878414154053
1.9084126949310303
4.721932411193848
9.088996887207031
0.34661245346069336
5.119992256164551
9.934405088424683
0.377291202545166
5.5594775676727295
7.916563987731934
0.3162045478820801
3.157975673675537
6.811116933822632
3.4515938758850098
3.8503434658050537
3.476550817489624
6.468234300613403
3.594902276992798
6.534487724304199
5.598872184753418
1.5665993690490723
2.5928518772125244
3.3142290115356445
5.507750034332275
4.359756231307983
3.472358465194702
2.755842447280884
9.550756454467773
0.35364866256713867
2.8365378379821777
9.041557312011719
0.3489990234375
1.8133530616760254
4.1433374881744385
5.0319013595581055
2.875028133392334
2.5807271003723145
5.051974058151245
3.51820969581604
3.0350308418273926
3.747436761856079
3.6646971702575684
3.118175506591797
4.677218675613403
3.175084352493286
3.6179728507995605
1.8828692436218262
2.164322853088379
8.985609292984009
0.3280773162841797
5.6342551708221436
3.84553861618042
1.239842176437378
2.7629568576812744
3.8077049255371094
1.9415366649627686
2.548788547515869
2.1896631717681885
4.771275758743286
4.64715313911438
5.797001600265503
7.059325933456421
6.021369457244873
3.5305564403533936
6.9360949993133545
5.7099573612213135
1.5508737564086914
3.3947482109069824
4.693259954452515
5.856391191482544
3.899437427520752
1.7222490310668945
4.876028537750244
5.06634521484375
6.785944223403931
3.983445405960083
3.346803665161133
3.6021735668182373
2.681014060974121
7.4602203369140625
4.411875486373901
5.851903438568115
2.2500553131103516
4.812520742416382
3.0441176891326904
3.6204071044921875
2.949235677719116
5.923908948898315
2.847748041152954
2.6491284370422363
2.4401655197143555
2.192054033279419
3.258845567703247
5.480244874954224
1.1511867046356201
3.5413031578063965
4.112912178039551
1.9162988662719727
3.360257625579834
2.277271032333374
5.119591474533081
1.7988195419311523
9.586235761642456
0.3509387969970703
2.5536675453186035
6.706629037857056
4.30196475982666
2.3207879066467285
5.252142667770386
4.902648687362671
6.708765745162964
9.499836444854736
0.35651350021362305
2.5065574645996094
2.7538065910339355
1.3286592960357666
2.0166168212890625
2.467317581176758
6.206338882446289
2.495387554168701
5.224240303039551
3.0416781902313232
2.817239999771118
3.653029441833496
4.492271423339844
6.69794774055481
3.841402769088745
3.2313380241394043
6.8458287715911865
1.836245059967041
2.687025785446167
4.8443262577056885
4.894131898880005
4.530520915985107
3.3029119968414307
6.885225057601929
2.010580539703369
9.291050910949707
0.346024751663208
3.20412278175354
7.900249004364014
0.32199597358703613
4.471830606460571
1.8739123344421387
9.505631685256958
0.3531925678253174
6.538693904876709
2.830909252166748
4.005253553390503
2.1067211627960205
6.519889831542969
4.058974981307983
5.603351354598999
1.4604289531707764
2.7414650917053223
3.4706876277923584
3.4594478607177734
3.7214138507843018
2.8308966159820557
3.3075079917907715
3.77789568901062
4.696445465087891
2.2414090633392334
2.2095746994018555
4.56973123550415
5.018176317214966
3.594534158706665
2.2967817783355713
9.144182443618774
0.34328460693359375
5.357984781265259
3.4460158348083496
3.266134262084961
2.453390121459961
2.4228591918945312
2.701563835144043
5.31486439704895
1.8994057178497314
4.664371728897095
3.54938006401062
2.466515302658081
2.7350082397460938
3.523864269256592
3.409292697906494
1.9907526969909668
9.071710348129272
0.3283803462982178
3.3861498832702637
1.3085825443267822
2.3423519134521484
2.3673596382141113
1.9086551666259766
6.987370729446411
5.823902130126953
1.9113881587982178
5.623185157775879
2.2066383361816406
3.9283180236816406
7.036064624786377
5.511853456497192
5.263465404510498
3.5002613067626953
5.168531656265259
1.6605966091156006
6.726524829864502
2.529954671859741
2.613297939300537
3.910550355911255
3.534649610519409
3.048403024673462
3.2199900150299072
2.5909876823425293
2.1674718856811523
2.40665864944458
1.8085894584655762
4.851996898651123
3.2370107173919678
2.031420946121216
6.845913648605347
6.242047071456909
3.5644371509552
7.6974451541900635
0.30103421211242676
5.415059566497803
1.9534506797790527
3.9525461196899414
4.748510122299194
1.8695895671844482
2.7996017932891846
7.3417134284973145
2.6007795333862305
1.384246826171875
2.319002389907837
3.705296754837036
2.1877052783966064
3.4115796089172363
6.904303550720215
6.525305509567261
5.555949687957764
3.079904794692993
6.895496606826782
8.668623924255371
0.3391602039337158
5.391377925872803
2.174107074737549
9.200806379318237
0.3508143424987793
3.980673313140869
1.973203420639038
6.0415942668914795
6.2873334884643555
3.5715277194976807
2.185305595397949
3.1963794231414795
3.53178334236145
3.3101301193237305
5.555880308151245
3.1696314811706543
8.09944748878479
0.31537866592407227
6.202536344528198
5.873933792114258
1.5934171676635742
4.486915588378906
1.778038740158081
6.9395670890808105
2.1256065368652344
3.49813175201416
5.098875999450684
2.528308629989624
4.959468603134155
2.9930686950683594
3.480161428451538
2.419326066970825
5.226688861846924
3.373032808303833
5.96854829788208
2.037203788757324
6.861734628677368
3.3532071113586426
5.198405981063843
5.5685272216796875
4.458748817443848
4.094874620437622
4.518519401550293
2.461693525314331
1.7793898582458496
4.110279560089111
3.3640286922454834
7.169618129730225
3.182239294052124
4.72200345993042
2.5284368991851807
6.112867593765259
1.848778247833252
1.9144783020019531
7.141317367553711
1.6715800762176514
4.660060167312622
2.9490809440612793
6.009339332580566
4.030725955963135
3.0605292320251465
3.4369163513183594
3.6014328002929688
2.8196604251861572
9.988966941833496
0.3775827884674072
2.947434186935425
1.3202855587005615
2.8879733085632324
9.216053009033203
0.34712862968444824
1.3042500019073486
5.9790802001953125
3.422964572906494
5.831477165222168
4.537698268890381
3.384589672088623
1.2452077865600586
2.8271801471710205
2.118290901184082
3.5097873210906982
6.960587739944458
2.697833776473999
2.0441038608551025
4.542995929718018
3.3366522789001465
2.1364810466766357
2.117572546005249
5.2712249755859375
1.808307409286499
6.263805627822876
3.5475118160247803
2.2787020206451416
4.985031366348267
2.2953925132751465
7.703291177749634
0.3052520751953125
3.5482676029205322
1.237128734588623
2.4542081356048584
2.247345209121704
2.147200345993042
2.0476648807525635
4.063255548477173
3.167137861251831
9.32478642463684
0.35021090507507324
1.092111349105835
3.2396113872528076
3.628039598464966
5.089537143707275
3.5557284355163574
3.7299392223358154
2.46262526512146
2.105693817138672
2.655956268310547
1.316758394241333
5.318082571029663
3.9406964778900146
3.6725077629089355
3.6037464141845703
1.117959976196289
8.378045797348022
0.31395626068115234
1.6569223403930664
4.14250373840332
3.5949838161468506
5.3689422607421875
1.8128962516784668
5.900827646255493
6.882428407669067
3.1714837551116943
4.539044380187988
3.3524844646453857
9.892817974090576
0.3765065670013428
3.000725030899048
3.715820550918579
8.52664566040039
0.3330245018005371
2.0438270568847656
2.6303634643554688
3.385188341140747
4.916784286499023
2.529198408126831
2.013820171356201
6.912858963012695
4.469343423843384
2.901979446411133
4.899791240692139
8.670042037963867
0.33595943450927734
2.8235275745391846
2.7631752490997314
6.418903350830078
2.597163677215576
5.232465028762817
3.5216994285583496
2.336442470550537
4.91251540184021
3.5487704277038574
4.042032957077026
6.767529726028442
2.946660280227661
2.0942208766937256
7.3260533809661865
2.1779696941375732
3.127650022506714
9.57206654548645
0.3491637706756592
8.308728218078613
0.3416750431060791
3.8377578258514404
2.9412755966186523
2.163848638534546
7.153730154037476
1.897444725036621
3.9916019439697266
3.9244115352630615
4.31179404258728
2.9932918548583984
3.1011710166931152
5.273221015930176
1.738682508468628
9.388237953186035
0.3543052673339844
3.6860482692718506
5.865086555480957
6.870645761489868
6.283333778381348
1.0487596988677979
6.211881637573242
1.8380851745605469
4.723921775817871
2.9852359294891357
2.585867404937744
3.4141087532043457
3.2518608570098877
6.752915620803833
1.8240180015563965
4.293078660964966
6.67547869682312
1.5887911319732666
5.729010581970215
4.884800910949707
3.243577480316162
2.0388100147247314
3.9156856536865234
4.636766195297241
4.143580675125122
3.0687623023986816
4.4811341762542725
6.261334419250488
2.4577925205230713
2.0903892517089844
2.2322354316711426
7.173174619674683
5.622640132904053
5.039629936218262
3.4831490516662598
5.04250431060791
6.8197550773620605
3.6251373291015625
1.9951863288879395
2.164652109146118
3.221839189529419
2.3980183601379395
3.748997688293457
8.429436445236206
0.31998252868652344
6.4967942237854
2.2253246307373047
9.196682214736938
0.3380258083343506
1.9286918640136719
6.121687889099121
3.3309996128082275
1.8651683330535889
3.3970963954925537
2.03244686126709
3.7033352851867676
2.6335647106170654
5.7177183628082275
1.5270812511444092
3.6560652256011963
3.010303020477295
3.60490345954895
6.897389888763428
3.7823705673217773
4.827759504318237
4.409178972244263
4.300446271896362
3.0390594005584717
2.3960609436035156
3.611647844314575
3.493166923522949
8.946421384811401
0.3419826030731201
8.467426061630249
0.33852291107177734
3.327125072479248
2.4800221920013428
4.9011921882629395
3.5392911434173584
4.597365617752075
4.542954206466675
2.9453930854797363
7.054647922515869
1.5629923343658447
5.888493061065674
7.8999879360198975
0.31659698486328125
2.6901278495788574
6.328315496444702
3.5363447666168213
1.674551010131836
3.9167869091033936
1.956989049911499
2.2540552616119385
5.191868782043457
1.1784570217132568
8.483064413070679
0.32117271423339844
5.39753270149231
3.6664552688598633
9.893331289291382
0.37519216537475586
1.5476338863372803
3.8519980907440186
2.554936408996582
2.248751163482666
5.005248308181763
8.285863637924194
0.3339064121246338
4.114151954650879
9.946583986282349
0.37805700302124023
3.2123587131500244
1.71897292137146
3.5056114196777344
4.848251581192017
3.357872724533081
3.008559465408325
5.255979537963867
1.8966877460479736
4.918935537338257
4.75594425201416
6.197457313537598
4.379143238067627
3.4701595306396484
1.7470862865447998
4.203286170959473
6.6332197189331055
2.8475682735443115
3.481241226196289
7.356417179107666
3.4186129570007324
7.650380849838257
0.29429030418395996
1.424501895904541
4.538469314575195
2.535090684890747
3.407762289047241
1.8084297180175781
2.152174949645996
3.7282509803771973
4.423736095428467
3.327320098876953
5.993724822998047
4.539909362792969
3.3800792694091797
3.2767906188964844
6.528005361557007
2.603550672531128
2.813326835632324
2.9545140266418457
4.3943400382995605
1.6512537002563477
2.082453966140747
2.9797754287719727
6.602694988250732
2.519624948501587
3.3230278491973877
6.196253776550293
6.9496965408325195
6.768121719360352
2.082888603210449
4.803435802459717
3.655406951904297
1.2597756385803223
4.833849668502808
5.24343729019165
4.638778924942017
6.180355548858643
2.074427366256714
2.660876512527466
3.7260749340057373
3.4869561195373535
5.045497894287109
3.434136152267456
4.967531442642212
5.916731357574463
1.0900301933288574
3.7121341228485107
3.198303461074829
3.9707837104797363
3.489724636077881
2.618072986602783
3.3461897373199463
4.783872842788696
8.934394121170044
0.34361767768859863
2.973379611968994
3.6601200103759766
5.704885721206665
1.5564298629760742
1.8979582786560059
2.785144329071045
3.7957780361175537
3.8246095180511475
3.076369047164917
6.783584117889404
1.8231935501098633
3.704362392425537
5.515466690063477
3.8394362926483154
1.252107858657837
5.664922714233398
4.27556848526001
3.4417190551757812
5.143052816390991
2.210345506668091
1.4218533039093018
2.629223108291626
9.16354775428772
0.3515772819519043
6.690073251724243
5.130337238311768
8.694298267364502
0.3353607654571533
2.333437204360962
2.6972618103027344
7.909169435501099
0.3043360710144043
2.0749688148498535
3.653975009918213
3.0119051933288574
4.376353979110718
2.5256054401397705
3.113276243209839
4.753546953201294
6.975497484207153
3.249105215072632
2.322584390640259
2.2808477878570557
2.3995420932769775
2.1163971424102783
1.4794623851776123
4.756720066070557
3.2221791744232178
3.153707981109619
3.0709054470062256
2.1998884677886963
5.9648847579956055
9.09142804145813
0.3518187999725342
2.0008816719055176
4.189404726028442
9.13954758644104
0.3513309955596924
4.650527238845825
2.8963546752929688
7.02642297744751
9.140451908111572
0.35445499420166016
2.4758141040802
3.310616970062256
1.9731602668762207
6.915087699890137
3.273683786392212
3.9672904014587402
2.7829465866088867
3.755061626434326
2.011298656463623
3.9567954540252686
4.047384977340698
1.7384793758392334
3.622978925704956
2.1693756580352783
3.7019102573394775
9.225735187530518
0.34594273567199707
4.6026318073272705
6.544785261154175
2.121912956237793
5.583209991455078
2.863435983657837
2.984640598297119
2.245419502258301
3.4060325622558594
6.76961088180542
2.2527339458465576
3.6296403408050537
3.4132401943206787
5.082890272140503
3.4762797355651855
3.1672942638397217
4.749006748199463
6.8641557693481445
4.718565464019775
3.252638816833496
1.8150410652160645
6.075559377670288
3.3634166717529297
3.4579734802246094
3.832540512084961
5.198270559310913
3.4151854515075684
4.048882484436035
8.880686521530151
0.3427708148956299
2.9681448936462402
4.438612222671509
3.06872296333313
5.025352716445923
3.17151141166687
3.638556480407715
1.6871144771575928
5.124683380126953
3.336655855178833
4.97823166847229
5.577353239059448
2.3319790363311768
3.161439895629883
4.740000247955322
6.62117862701416
2.2768797874450684
5.865035772323608
6.342130184173584
1.764580249786377
2.3412816524505615
3.4115920066833496
8.927759408950806
0.3466465473175049
9.508411645889282
0.3754868507385254
5.410013914108276
3.4619176387786865
2.8664135932922363
2.0674021244049072
4.9544970989227295
6.7290403842926025
6.511603593826294
8.459953308105469
0.33562588691711426
4.290995836257935
2.777484655380249
4.500155687332153
4.792380094528198
6.130926847457886
1.9808382987976074
4.55822229385376
1.0932810306549072
4.89571738243103
3.3609817028045654
6.662283658981323
3.2593514919281006
2.5425264835357666
5.1131815910339355
9.033874273300171
0.34719061851501465
4.855024814605713
4.193637371063232
3.600278854370117
2.410205125808716
2.4465088844299316
2.0469818115234375
3.8546690940856934
5.03213906288147
4.4413745403289795
3.363435983657837
3.4179131984710693
1.7816119194030762
3.7752792835235596
2.22857928276062
8.981285095214844
0.32903170585632324
2.2252886295318604
2.713693857192993
6.716039419174194
3.0944411754608154
5.992646932601929
2.491000175476074
4.215165376663208
3.5931763648986816
1.725102424621582
3.7022438049316406
3.2879085540771484
5.755659818649292
2.373690366744995
3.6284782886505127
4.233209609985352
6.241386413574219
1.0143837928771973
3.587717294692993
1.4706730842590332
6.18403172492981
3.544905185699463
1.9503254890441895
1.4941003322601318
3.7400989532470703
4.575751066207886
7.555742979049683
0.3052375316619873
1.5169193744659424
5.930995464324951
3.2525405883789062
1.6797945499420166
3.390758991241455
7.032851457595825
2.3890397548675537
6.812541246414185
1.8011987209320068
3.4954519271850586
5.118674039840698
1.7164702415466309
3.4477293491363525
3.6726369857788086
3.2631373405456543
2.055663585662842
2.396584987640381
6.881872177124023
1.8885490894317627
3.6616644859313965
10.065709829330444
0.3767209053039551
2.9709837436676025
3.3450422286987305
7.105607748031616
3.1833717823028564
3.80313777923584
4.422987937927246
2.595559597015381
6.150341033935547
6.266982793807983
7.898725986480713
0.31752753257751465
1.9089007377624512
4.629007339477539
6.076584100723267
1.7006337642669678
3.328603744506836
8.73089861869812
0.3343937397003174
5.196246147155762
4.4460906982421875
3.45701265335083
5.894505262374878
3.3953535556793213
2.0269646644592285
3.8178067207336426
3.1407222747802734
3.256100654602051
4.729320049285889
2.671346664428711
3.7159206867218018
6.771320819854736
2.1755363941192627
2.6620330810546875
2.664821147918701
3.8479979038238525
2.4920969009399414
3.269603729248047
7.794988393783569
0.3145313262939453
6.442349195480347
6.418924570083618
4.407734394073486
2.51704740524292
1.9583992958068848
3.5633466243743896
2.055370330810547
3.6268136501312256
4.687329292297363
3.4140567779541016
2.5299465656280518
2.0608434677124023
3.351294994354248
4.812349319458008
3.5077831745147705
6.373163223266602
1.859760046005249
1.447141170501709
4.880145072937012
2.0166776180267334
4.825171947479248
4.433178663253784
3.386932134628296
4.517703533172607
3.5121679306030273
4.557172536849976
3.0891895294189453
3.0187835693359375
3.6857566833496094
4.026616811752319
7.233195066452026
1.830780029296875
2.408133029937744
4.626020908355713
6.547681570053101
2.0721688270568848
7.2717883586883545
3.460280656814575
2.0604631900787354
5.96490740776062
7.05570912361145
1.5462603569030762
4.550640344619751
1.9319233894348145
5.6537110805511475
3.395775318145752
3.1488430500030518
3.1922383308410645
1.98850417137146
3.7320146560668945
3.0911192893981934
2.088567018508911
4.895309209823608
9.187376260757446
0.35466837882995605
6.484708547592163
7.068792104721069
1.5704081058502197
2.325787305831909
8.225424528121948
0.3211948871612549
1.8217439651489258
2.6465463638305664
2.343266010284424
6.897803544998169
2.322469711303711
6.824248313903809
6.445824146270752
6.3665244579315186
7.107448577880859
4.541311502456665
3.5232009887695312
4.511405944824219
3.234278678894043
1.9866313934326172
4.655639410018921
5.1651506423950195
4.699002504348755
3.752558708190918
4.144878387451172
5.819353818893433
3.3438806533813477
6.262144565582275
5.896618843078613
1.9077270030975342
5.045299530029297
5.997995615005493
2.5714266300201416
3.843346118927002
5.834386825561523
6.223284959793091
2.864544630050659
2.9436984062194824
6.332988739013672
3.1850879192352295
3.5179171562194824
8.24521279335022
0.3201441764831543
5.242650508880615
4.90033483505249
9.473745822906494
0.35343360900878906
1.8452191352844238
5.2152886390686035
4.095522880554199
3.5335116386413574
6.617077827453613
2.6209681034088135
2.268962860107422
5.36004900932312
4.815962076187134
2.432657241821289
5.77249550819397
7.071675539016724
2.7361738681793213
6.229829549789429
9.167269945144653
0.34848618507385254
1.4806880950927734
2.189995050430298
2.958796262741089
3.3467986583709717
5.980310678482056
1.6151728630065918
3.4062306880950928
1.7038078308105469
1.7158658504486084
3.463207483291626
3.636953115463257
4.360583782196045
2.0262699127197266
6.10723090171814
1.7485601902008057
10.101644039154053
0.3765556812286377
2.6672239303588867
2.3136684894561768
2.6384408473968506
2.4912266731262207
5.001057863235474
4.587242841720581
4.9888434410095215
4.005091428756714
1.7070376873016357
4.679399251937866
4.327609062194824
1.1378111839294434
7.174082279205322
3.192701816558838
3.3403124809265137
1.3218715190887451
2.3195149898529053
5.256033897399902
1.7591428756713867
3.8719635009765625
5.087462902069092
4.419260263442993
1.9618949890136719
2.1850368976593018
1.9733664989471436
5.147372245788574
2.0943946838378906
5.959240436553955
8.841762065887451
0.34278297424316406
4.925867319107056
4.528773069381714
7.105502605438232
5.478861331939697
3.4947474002838135
5.951687335968018
2.014373302459717
2.2253897190093994
2.7981724739074707
2.633559465408325
7.466777324676514
0.3079111576080322
4.015407085418701
3.456531524658203
4.156284332275391
3.836348295211792
1.8820555210113525
4.673030614852905
3.5615344047546387
2.206639528274536
9.375954151153564
0.34688591957092285
1.7648181915283203
5.182662010192871
4.640510320663452
5.7032787799835205
2.9964590072631836
5.948244571685791
5.1712470054626465
3.300168037414551
3.891216516494751
3.554870843887329
2.7309622764587402
4.63346266746521
2.4632859230041504
5.092386245727539
3.6085450649261475
5.276534795761108
6.854731559753418
1.4619574546813965
2.1815261840820312
6.382328510284424
2.7358829975128174
6.637696266174316
4.507619857788086
4.906765699386597
1.5363898277282715
2.403066396713257
6.003919839859009
3.2517588138580322
2.3878092765808105
1.7871081829071045
2.426640272140503
2.092437505722046
3.7516794204711914
6.532455205917358
6.283044815063477
7.645052671432495
0.31756138801574707
2.788069009780884
8.851229429244995
0.3384089469909668
1.465557336807251
7.976382255554199
0.3020918369293213
2.6051015853881836
2.3476343154907227
4.715480327606201
1.199064016342163
3.6584112644195557
7.017551898956299
4.35818338394165
3.463045597076416
8.745750904083252
0.3350560665130615
9.212810516357422
0.3763899803161621
3.090394973754883
4.509519815444946
3.5752954483032227
2.0208194255828857
3.8195242881774902
1.7147367000579834
5.282692909240723
1.6594266891479492
2.7500054836273193
2.6902341842651367
8.10002326965332
0.3168785572052002
3.775547504425049
5.086183786392212
5.020533323287964
5.4736456871032715
4.150170564651489
6.927307605743408
1.073397159576416
6.9573893547058105
1.227231740951538
3.8318963050842285
3.3504509925842285
3.4542007446289062
9.334283590316772
0.3547370433807373
1.940387487411499
2.1292293071746826
5.754840135574341
6.95108699798584
2.8402676582336426
4.731840133666992
2.8541722297668457
5.00972843170166
7.896103620529175
0.31685972213745117
1.5677123069763184
3.5917131900787354
3.086183547973633
2.208810329437256
5.80996298789978
3.910165786743164
4.929798364639282
1.2188608646392822
2.3208887577056885
4.7766804695129395
2.258037805557251
4.460012435913086
3.447453260421753
2.5101897716522217
1.3849422931671143
6.200825929641724
2.242995500564575
3.4739716053009033
6.564472436904907
6.983027219772339
7.011107444763184
6.851337671279907
2.3102328777313232
3.5937936305999756
2.794278621673584
2.0881340503692627
4.672804832458496
3.5371649265289307
3.3260269165039062
2.845848321914673
2.549790143966675
1.4034714698791504
3.6495628356933594
3.1382927894592285
3.7685680389404297
5.756647825241089
7.062506914138794
2.3095195293426514
5.04439902305603
1.8978908061981201
5.432240962982178
3.008849620819092
2.112841844558716
9.40247631072998
0.3529810905456543
4.223494529724121
6.615431547164917
1.5504651069641113
2.2991905212402344
8.201861381530762
0.3156752586364746
6.426286935806274
1.3983266353607178
4.532964706420898
1.761291265487671
5.320132255554199
7.430733919143677
0.3080573081970215
5.2976744174957275
3.3368659019470215
9.03924822807312
0.3486647605895996
2.701483964920044
3.4709768295288086
2.527419090270996
2.3217766284942627
6.428455591201782
2.466357469558716
5.1355109214782715
1.1223516464233398
5.3725104331970215
3.4568684101104736
3.3318827152252197
10.19545316696167
0.3752248287200928
1.8507511615753174
8.086359977722168
0.3049614429473877
2.4931585788726807
7.271134853363037
1.8790357112884521
2.338625192642212
2.65468430519104
4.4581475257873535
2.4865593910217285
3.0059220790863037
3.523634672164917
3.8979742527008057
6.932603359222412
6.173598766326904
3.918832778930664
5.882297039031982
6.496976375579834
4.449469804763794
7.992426633834839
0.31630849838256836
2.7093634605407715
8.967770099639893
0.34897780418395996
4.5029683113098145
3.3711297512054443
2.223188877105713
3.2425360679626465
2.997147560119629
1.7763895988464355
6.351205110549927
3.3816444873809814
3.052860736846924
2.350247383117676
1.5222058296203613
3.5340211391448975
8.711652755737305
0.3434739112854004
1.9444119930267334
5.691001653671265
3.6495656967163086
2.2599258422851562
1.9754223823547363
2.297494888305664
3.3478994369506836
1.7031726837158203
7.015039443969727
3.237868547439575
6.8506176471710205
5.451020240783691
7.756980657577515
0.2930178642272949
5.382433176040649
9.20819616317749
0.35228848457336426
4.563072443008423
4.477651119232178
9.074893712997437
0.3431999683380127
1.7358615398406982
3.4582772254943848
2.5886733531951904
4.082271099090576
3.4407126903533936
7.021809339523315
8.519713878631592
0.33947253227233887
3.853261947631836
2.3471567630767822
3.7706174850463867
4.4150331020355225
2.634129762649536
5.884355306625366
5.75390625
6.414910793304443
2.2155351638793945
2.938148260116577
6.1837403774261475
3.0828425884246826
1.8187766075134277
4.002676963806152
5.420258283615112
1.9113991260528564
3.5430257320404053
2.0687808990478516
2.1642069816589355
1.7956111431121826
2.690854072570801
5.187690019607544
2.5492756366729736
2.011059284210205
8.75182032585144
0.3342921733856201
1.2948076725006104
2.277024030685425
1.5165748596191406
2.939789056777954
2.029161214828491
4.395879507064819
2.191584825515747
2.775033473968506
2.1213066577911377
5.0436999797821045
4.727486848831177
4.252085208892822
3.0560500621795654
4.297992467880249
3.006338357925415
4.8355607986450195
7.03629994392395
4.56003999710083
4.76601505279541
10.131844282150269
0.3775753974914551
2.7572855949401855
4.930643081665039
5.328575134277344
3.9337692260742188
2.2587506771087646
2.575166940689087
6.146318197250366
3.2926228046417236
1.9328417778015137
4.6928870677948
5.713303565979004
4.810045957565308
6.579582929611206
3.308943748474121
5.548863887786865
3.0920917987823486
2.0868513584136963
3.0184290409088135
2.0037736892700195
1.3577075004577637
1.9094884395599365
3.5668909549713135
4.012173175811768
4.969069004058838
2.572998523712158
1.3313243389129639
2.3276796340942383
9.660877466201782
0.35267090797424316
3.4938666820526123
2.839977741241455
7.057967185974121
1.9865374565124512
6.769462823867798
1.8167622089385986
6.295896530151367
6.669540882110596
3.364248275756836
10.33701753616333
0.37744593620300293
3.073124647140503
6.805469036102295
8.705350875854492
0.3390927314758301
2.4335150718688965
3.557020902633667
2.8215832710266113
3.6121485233306885
5.982123374938965
4.114107608795166
6.429390907287598
3.2894766330718994
3.619439125061035
5.259192705154419
6.047256946563721
2.0474069118499756
3.9134392738342285
4.867360353469849
4.646705627441406
4.822387456893921
3.4009668827056885
1.791548252105713
7.315394878387451
4.496426105499268
4.642792701721191
1.6470258235931396
4.409204721450806
3.189591646194458
3.449766159057617
1.9680354595184326
8.355030059814453
0.3163716793060303
3.225621223449707
2.7762386798858643
4.829500198364258
2.230530023574829
4.8231916427612305
3.6406681537628174
5.591142416000366
3.0956950187683105
4.798248767852783
3.2995054721832275
5.572980880737305
6.527219533920288
5.535879850387573
1.1632447242736816
4.303625106811523
8.871540546417236
0.33907079696655273
3.2596218585968018
7.783191919326782
0.303250789642334
3.011890411376953
3.429065465927124
2.922727108001709
1.8662428855895996
3.5300679206848145
4.212147235870361
4.1965155601501465
2.196732997894287
3.89841365814209
2.1037304401397705
2.191560745239258
6.244462251663208
6.3177268505096436
6.6687400341033936
4.131246566772461
8.610803604125977
0.3335275650024414
6.437161922454834
4.722622632980347
5.826582431793213
4.427009344100952
6.384286403656006
3.2902157306671143
4.9838197231292725
2.0058982372283936
7.410343170166016
3.2126522064208984
3.146569013595581
1.996023178100586
7.5238938331604
1.01751708984375
3.5937259197235107
3.637136936187744
3.3208959102630615
3.2774124145507812
3.262366771697998
3.6599390506744385
3.3029532432556152
3.2441577911376953
2.087860345840454
5.269295930862427
3.8030552864074707
3.748161792755127
2.039321184158325
2.990126848220825
4.138728380203247
7.004662036895752
6.88432240486145
3.24635648727417
2.3259706497192383
2.212230682373047
4.831035614013672
2.569324016571045
5.167561054229736
3.349330425262451
3.4534311294555664
6.0067360401153564
4.514938116073608
5.912320375442505
4.7989091873168945
4.805985450744629
3.0885169506073
9.467834234237671
0.36147546768188477
2.0265021324157715
3.534564733505249
3.4673640727996826
3.164053440093994
3.3507449626922607
4.869907379150391
8.610469102859497
0.3419923782348633
3.0219101905822754
5.914293527603149
3.3996667861938477
2.4665653705596924
2.6252927780151367
9.505508184432983
0.34644103050231934
3.0209507942199707
3.0219974517822266
7.232191562652588
3.193390130996704
3.139021396636963
2.104799747467041
4.893927097320557
2.2934858798980713
3.572099447250366
3.8107991218566895
5.093103408813477
3.3415451049804688
4.754961013793945
2.456190347671509
8.222190618515015
0.31241893768310547
1.1516985893249512
2.2129592895507812
3.1646039485931396
1.3192493915557861
3.872690439224243
6.145556688308716
5.2806830406188965
1.282228708267212
3.6967344284057617
3.0241189002990723
8.158082723617554
0.3160433769226074
2.0493271350860596
5.298454761505127
6.568862199783325
2.4313488006591797
7.1745452880859375
9.196121454238892
0.35360240936279297
3.5091612339019775
3.493544578552246
2.467477798461914
3.731170654296875
2.1250460147857666
2.3472931385040283
3.3025591373443604
4.654890537261963
3.2581095695495605
1.786698341369629
8.915719985961914
0.33333873748779297
0.8225791454315186
3.5130395889282227
2.043494701385498
2.061905860900879
4.817428827285767
6.448209047317505
4.426137924194336
1.8113887310028076
3.56207275390625
5.297779321670532
6.995438098907471
5.375385284423828
5.944140911102295
5.410310506820679
5.971066474914551
3.2449960708618164
6.594706058502197
5.648769378662109
1.8053886890411377
2.426513671875
4.6533613204956055
6.498081922531128
3.248563051223755
2.3860294818878174
2.5232646465301514
2.728827476501465
4.9182822704315186
6.6074748039245605
3.28462815284729
6.969343423843384
1.5765352249145508
3.614604949951172
2.4663875102996826
3.678985118865967
5.532546043395996
1.7534315586090088
4.186384201049805
3.7276053428649902
4.570544242858887
5.03995156288147
3.276120901107788
2.0887610912323
2.7469098567962646
9.061174154281616
0.3464934825897217
3.9323863983154297
2.9144647121429443
4.684172630310059
6.641256332397461
3.2864558696746826
3.583933115005493
2.0344085693359375
4.654353618621826
2.060274600982666
3.9636733531951904
7.01599907875061
2.240150213241577
7.358592987060547
6.746373176574707
1.1616480350494385
1.9108245372772217
3.399202823638916
6.768946170806885
6.444032430648804
4.383031845092773
3.528843402862549
3.1053078174591064
5.672881364822388
5.086091756820679
2.1537020206451416
2.608104944229126
2.45650315284729
5.086059093475342
3.3412539958953857
4.44834041595459
4.044924020767212
4.82441782951355
5.873147964477539
4.45320200920105
6.829805374145508
2.269757032394409
5.917149782180786
3.364475965499878
7.200187921524048
10.05030369758606
0.37658023834228516
2.232912063598633
5.7848451137542725
6.432649850845337
1.1695945262908936
6.838476181030273
2.5270743370056152
2.5436580181121826
6.588723182678223
7.9418556690216064
0.31687068939208984
1.9944217205047607
6.737648963928223
4.294006109237671
2.9502415657043457
5.070167779922485
3.097804307937622
2.1704466342926025
2.0623323917388916
5.272449254989624
2.873643159866333
1.8540327548980713
2.595249652862549
3.703751802444458
6.974183797836304
6.937053203582764
4.914800405502319
2.468649387359619
2.1262378692626953
2.5941760540008545
3.635780096054077
5.94305157661438
1.7011406421661377
10.259935140609741
0.3751516342163086
9.484772205352783
0.37637972831726074
6.292075157165527
4.247640132904053
6.498390436172485
2.790309429168701
5.032145261764526
3.6032862663269043
5.179296255111694
3.0799052715301514
4.696375846862793
4.589916229248047
5.251729965209961
2.0051019191741943
2.1452910900115967
6.417663097381592
2.000317096710205
7.094113111495972
4.66926383972168
5.370044946670532
2.196683168411255
3.6027939319610596
3.3777096271514893
1.0824038982391357
5.020497560501099
3.1534066200256348
3.5422091484069824
1.9773170948028564
6.015776634216309
3.240809679031372
4.763576030731201
1.8826696872711182
5.587899684906006
4.361477613449097
2.552489995956421
2.065263032913208
3.4159889221191406
3.52866530418396
3.6779017448425293
3.4641435146331787
1.9147908687591553
3.4726150035858154
2.0188651084899902
4.245630741119385
4.345659971237183
4.45624566078186
3.6609222888946533
3.5095324516296387
9.465157747268677
0.35233116149902344
1.83223557472229
4.617698907852173
4.7323901653289795
3.247913122177124
2.344057083129883
1.9748566150665283
2.3129537105560303
2.841387987136841
6.683992624282837
2.726836919784546
6.704492807388306
1.6638941764831543
2.208034038543701
5.31469464302063
2.475451946258545
4.818063020706177
6.147708415985107
6.433073043823242
3.096843719482422
1.7419018745422363
3.246344566345215
5.5413818359375
3.2580935955047607
4.0892014503479
3.5977816581726074
3.528242349624634
1.6991124153137207
2.5915303230285645
3.5762438774108887
3.390231132507324
3.6303820610046387
7.1438562870025635
5.995959043502808
2.226123094558716
9.041895627975464
0.33055973052978516
3.4932143688201904
2.2999649047851562
2.1843202114105225
4.10916543006897
1.2432606220245361
2.277203321456909
4.801289319992065
4.787208080291748
5.613849401473999
4.479334115982056
2.244215250015259
5.684090852737427
2.9488437175750732
3.695145606994629
6.833233833312988
1.8261184692382812
3.304842948913574
2.02944278717041
3.82873272895813
3.5667076110839844
4.745771169662476
5.054195404052734
9.042096614837646
0.34771275520324707
5.041709899902344
3.069958448410034
5.328727960586548
5.014360427856445
2.9154810905456543
3.459932565689087
6.6604883670806885
6.146263599395752
4.3657355308532715
3.0653977394104004
6.484309673309326
2.412760019302368
9.173680067062378
0.34258055686950684
5.997318267822266
6.990179061889648
2.072195291519165
4.905975818634033
8.919477224349976
0.3449094295501709
4.467186212539673
1.9735283851623535
1.9051284790039062
2.9010825157165527
3.5134308338165283
2.414973497390747
3.358431100845337
2.0222458839416504
4.627232074737549
3.0223655700683594
2.235365629196167
5.452331781387329
4.493901491165161
3.584033727645874
6.378649950027466
1.8155517578125
3.598798990249634
1.7216527462005615
5.603262901306152
2.640244483947754
2.0248911380767822
2.689011812210083
3.6395182609558105
6.53299880027771
3.3937854766845703
2.6020262241363525
2.7298338413238525
5.07850980758667
3.1869375705718994
3.5556185245513916
2.654654026031494
3.9237170219421387
5.043636798858643
4.619619369506836
2.5124053955078125
2.683532238006592
4.614017963409424
3.348031520843506
2.018165349960327
1.5411138534545898
3.6014316082000732
5.679124116897583
3.9596245288848877
3.147404670715332
3.58489727973938
3.334336042404175
5.615797758102417
2.9893300533294678
5.093786239624023
2.365091562271118
1.7456018924713135
2.760627031326294
1.9614996910095215
4.24420166015625
2.5493111610412598
5.165814638137817
5.813544750213623
3.8482818603515625
4.0073957443237305
2.629406690597534
6.903429746627808
1.58622145652771
7.136234521865845
6.604733467102051
3.422847032546997
6.974270820617676
3.0089468955993652
2.5840985774993896
2.9520702362060547
2.034992218017578
6.853456497192383
1.5521423816680908
3.336379051208496
3.856780529022217
4.96712851524353
2.9012510776519775
9.45924687385559
0.34748148918151855
1.4850568771362305
4.829608201980591
3.5573830604553223
3.0306944847106934
1.7778499126434326
3.6982271671295166
6.700380086898804
2.3195815086364746
3.1663899421691895
10.120611429214478
0.376483678817749
5.929426670074463
3.7220914363861084
5.6640355587005615
3.109198808670044
7.438361644744873
6.8594489097595215
4.517847537994385
3.1174821853637695
2.593716859817505
3.6839256286621094
2.6723411083221436
4.752196311950684
2.438046455383301
7.089974403381348
2.1180150508880615
5.0692737102508545
1.7463452816009521
6.84695291519165
5.747663736343384
5.140655040740967
3.0507750511169434
3.420708179473877
3.3358588218688965
2.3136448860168457
3.544760227203369
4.971896648406982
1.636605978012085
3.3986685276031494
5.378884553909302
3.162424087524414
2.298511505126953
4.092975616455078
3.649425745010376
2.021216869354248
3.8321335315704346
3.315476417541504
2.0950393676757812
6.557969331741333
1.7551894187927246
2.138176441192627
5.878999471664429
1.855372667312622
3.7279105186462402
4.8420209884643555
2.0399010181427
9.141388416290283
0.34593701362609863
2.415076971054077
1.8478419780731201
3.692854642868042
5.263279914855957
6.121785402297974
0.9911744594573975
4.722203016281128
3.4607925415039062
3.9653515815734863
5.039547443389893
4.170325756072998
3.451796770095825
4.377943754196167
1.7668414115905762
3.7855751514434814
8.95972490310669
0.33806562423706055
0.7088539600372314
3.733142137527466
2.2162463665008545
3.236906051635742
3.2531228065490723
5.078805923461914
3.41256046295166
2.9195964336395264
6.023531913757324
1.6752703189849854
3.426093101501465
3.20672869682312
3.8278164863586426
5.472350835800171
3.110950231552124
2.3344428539276123
5.452046155929565
4.531333923339844
3.7789242267608643
5.210212469100952
3.155289649963379
3.383943557739258
4.326180934906006
2.3932223320007324
4.429639101028442
2.5414113998413086
2.724722385406494
2.6338272094726562
3.234889507293701
4.643314838409424
1.8526551723480225
5.201261281967163
1.988987922668457
3.630042314529419
2.295401096343994
3.917034149169922
9.434298992156982
0.35151219367980957
3.692182779312134
7.306795835494995
2.501000165939331
6.008035659790039
4.906731367111206
2.5696475505828857
2.233049154281616
1.4826276302337646
3.6882760524749756
10.011842012405396
0.3773949146270752
1.5245680809020996
2.1884632110595703
6.051958799362183
3.234670400619507
3.3363447189331055
3.824239730834961
2.5484514236450195
2.1690218448638916
4.721290111541748
7.0429158210754395
5.028609275817871
5.5600645542144775
3.753232479095459
6.294032335281372
2.8021657466888428
2.3081729412078857
5.791537761688232
2.43515682220459
3.7668092250823975
3.6813735961914062
3.1509149074554443
6.964252948760986
6.97420859336853
1.7101166248321533
3.6561074256896973
4.06343936920166
5.024471759796143
8.692019939422607
0.335007905960083
2.7996249198913574
3.6285641193389893
2.0365209579467773
3.290787696838379
5.709140062332153
4.138779640197754
5.883220911026001
6.432052135467529
3.25058913230896
2.8723409175872803
1.997365951538086
9.245568990707397
0.33902835845947266
3.0022242069244385
4.194847822189331
2.1473469734191895
6.726224899291992
5.9264140129089355
2.5520691871643066
2.691333293914795
6.557095766067505
4.291404962539673
5.213491201400757
7.5358664989471436
0.3009011745452881
5.706375598907471
2.3762288093566895
3.0248851776123047
6.682644605636597
1.5918848514556885
2.8740906715393066
4.667281150817871
4.658196449279785
6.805723428726196
6.459784269332886
3.4875264167785645
1.6290576457977295
3.465268611907959
4.544568061828613
2.6205644607543945
3.3538191318511963
1.4266297817230225
3.00709867477417
7.103429079055786
3.762941360473633
3.017098903656006
4.822915554046631
4.837975978851318
2.004328727722168
5.305514335632324
5.06430983543396
4.4050133228302
9.173317670822144
0.3592071533203125
4.502843141555786
2.1649954319000244
6.701348066329956
7.867897033691406
0.31352782249450684
3.8353002071380615
3.70155930519104
1.9821233749389648
7.104173183441162
3.1591668128967285
3.575253963470459
2.0591094493865967
9.407921075820923
0.34796142578125
4.928113222122192
9.268462896347046
0.34863758087158203
1.81199312210083
4.535055875778198
3.214303731918335
5.119749069213867
6.832927703857422
4.871903896331787
2.350379705429077
7.991414308547974
0.30259275436401367
3.048027276992798
6.753884553909302
9.369225025177002
0.3533010482788086
1.8614413738250732
9.62738299369812
0.3522939682006836
1.9910173416137695
10.419498205184937
0.3767211437225342
2.997459888458252
4.536627292633057
1.7052197456359863
2.0651485919952393
4.600344657897949
2.674945831298828
2.7424967288970947
6.293166637420654
4.430441617965698
6.911818265914917
3.019364833831787
4.691910266876221
4.792328596115112
1.6306500434875488
5.3098344802856445
5.8186354637146
3.1807520389556885
6.116353511810303
3.918887138366699
5.849661111831665
3.2789134979248047
7.991685628890991
0.30527400970458984
1.7363698482513428
2.5748696327209473
2.6892940998077393
6.691982746124268
4.152568101882935
7.763551712036133
0.29958033561706543
0.8167665004730225
4.439005613327026
4.360415697097778
6.760910749435425
1.9200162887573242
3.6154611110687256
7.919052839279175
0.31328415870666504
3.4732513427734375
5.7981133460998535
1.8485586643218994
7.355327844619751
2.455336570739746
3.5527639389038086
1.7453699111938477
1.8771555423736572
3.3274056911468506
4.436529636383057
2.6823394298553467
3.1116249561309814
2.455547332763672
9.291950702667236
0.34668493270874023
2.501873731613159
6.240215301513672
5.785017728805542
3.0009450912475586
2.5439815521240234
5.30182671546936
1.8699989318847656
2.194445848464966
2.21649169921875
3.127868413925171
3.7414469718933105
4.850224018096924
6.268579483032227
3.2638275623321533
5.078490734100342
2.867854356765747
2.044057607650757
4.780496835708618
3.1230478286743164
5.484444856643677
2.385847330093384
4.713075876235962
4.601973295211792
2.1046533584594727
10.2695152759552
0.3779428005218506
5.615828990936279
7.893368721008301
0.31412768363952637
5.715335130691528
9.869199514389038
0.3758373260498047
3.0867841243743896
2.449075222015381
4.213506698608398
2.4448516368865967
2.5093181133270264
1.941537618637085
4.3345046043396
2.602649450302124
7.178316116333008
3.43466854095459
3.4526138305664062
5.041050672531128
6.112619876861572
3.3167243003845215
2.1826422214508057
2.8171401023864746
7.209163427352905
3.5170786380767822
2.0334103107452393
6.9259490966796875
4.265252351760864
2.998483180999756
3.554997205734253
3.9428694248199463
3.6605722904205322
2.0469558238983154
3.715670108795166
3.66920804977417
2.724397897720337
2.399876832962036
4.5186333656311035
1.076345682144165
2.37382173538208
2.2215664386749268
2.7765655517578125
1.7946851253509521
2.246032476425171
2.3960742950439453
10.254985094070435
0.3759887218475342
4.451196908950806
3.0247089862823486
5.98541522026062
2.986330270767212
3.4292478561401367
2.367828607559204
2.067370653152466
2.77541446685791
5.97717809677124
4.67896294593811
5.049362659454346
6.383270263671875
4.6390838623046875
2.35290265083313
6.04913067817688
5.683399438858032
1.8849248886108398
2.630981206893921
1.921802282333374
4.706452369689941
1.8616104125976562
3.4705264568328857
2.5599210262298584
7.408948183059692
4.493469715118408
3.5942575931549072
3.748234510421753
4.600505590438843
4.550266981124878
2.3677618503570557
2.2405853271484375
5.498172044754028
3.544729232788086
4.682425022125244
6.421819686889648
2.1756675243377686
8.751121759414673
0.33582258224487305
4.570317029953003
2.433239221572876
3.67691707611084
4.512997150421143
5.793945550918579
2.8279318809509277
6.657592058181763
4.344480752944946
3.201833486557007
4.055942535400391
6.926121711730957
3.4617013931274414
2.370333194732666
1.9292967319488525
4.958642959594727
4.553293466567993
2.158108949661255
1.375823974609375
5.2210001945495605
2.4791531562805176
3.2457234859466553
6.417171478271484
1.8952054977416992
4.650463819503784
5.950636863708496
4.384033203125
4.6684410572052
3.337637186050415
5.875133514404297
9.778558015823364
0.37644171714782715
2.777498483657837
1.6604976654052734
3.610442876815796
3.5802130699157715
9.312191486358643
0.3550260066986084
2.834627866744995
3.2131404876708984
4.076037883758545
3.5355916023254395
1.9910674095153809
2.0599520206451416
6.965585708618164
5.37422513961792
7.0311338901519775
9.138160943984985
0.35451388359069824
4.307873010635376
4.073225259780884
4.086781978607178
2.0803065299987793
2.166883945465088
2.484772205352783
3.6110191345214844
6.839401006698608
3.8163905143737793
1.3090119361877441
2.3634896278381348
8.958309888839722
0.3355100154876709
4.339401721954346
5.353163480758667
1.2219748497009277
4.257097244262695
6.386607646942139
4.6217169761657715
9.220964670181274
0.3546316623687744
3.386272668838501
4.772783279418945
4.548919439315796
5.01675009727478
3.378201484680176
3.304710865020752
1.7450499534606934
2.6266427040100098
4.938459157943726
3.10713791847229
6.574518203735352
9.345449686050415
0.3534700870513916
4.1321632862091064
6.3159613609313965
3.032273530960083
7.633555889129639
0.3011033535003662
4.031700372695923
4.450443267822266
2.209857940673828
3.9619834423065186
2.667760133743286
1.7150399684906006
3.8479368686676025
7.031814336776733
1.007002353668213
2.872596502304077
6.587846517562866
3.0014262199401855
2.012073040008545
7.179965257644653
1.5116686820983887
3.7521607875823975
4.500894784927368
1.7332711219787598
3.87052321434021
5.948189735412598
1.8652427196502686
4.7311084270477295
3.4644675254821777
9.095372438430786
0.34900569915771484
3.0368783473968506
7.206525802612305
3.0833120346069336
6.120073318481445
2.4177815914154053
3.354004144668579
4.1405274868011475
1.9331066608428955
2.741366147994995
2.776149272918701
2.658830404281616
2.2027781009674072
6.637041091918945
3.1882529258728027
4.814420700073242
2.31439208984375
3.2372443675994873
2.253093719482422
10.240612030029297
0.3766007423400879
2.8573529720306396
3.9922802448272705
6.383155822753906
3.3256750106811523
2.9511284828186035
3.418487071990967
2.0825374126434326
6.897843360900879
0.9632654190063477
6.736604452133179
9.014194011688232
0.35270094871520996
4.4279944896698
5.40679144859314
3.31015944480896
1.1880621910095215
7.012986183166504
1.922656774520874
3.6153383255004883
5.202043533325195
2.4461750984191895
7.044361352920532
3.1544697284698486
6.076158761978149
4.920883893966675
2.572002649307251
3.7599503993988037
3.3500850200653076
2.6734237670898438
4.651326894760132
5.460630416870117
2.2348480224609375
4.095377206802368
7.1128928661346436
2.1621952056884766
9.453270196914673
0.35091280937194824
4.322242975234985
6.219385623931885
3.7053654193878174
3.72682785987854
3.5231552124023438
5.12124228477478
4.6035683155059814
5.035914659500122
4.703969240188599
3.557311773300171
3.7576379776000977
1.7573792934417725
1.8549878597259521
2.28702449798584
3.2555718421936035
3.483703136444092
1.340512752532959
3.7488369941711426
2.182661294937134
4.22677206993103
6.475022792816162
1.1619603633880615
3.2965571880340576
4.961509466171265
6.117996692657471
2.2847771644592285
6.56111741065979
6.462989330291748
6.404065132141113
1.8061442375183105
3.8187835216522217
3.133617401123047
5.232532262802124
6.857183456420898
2.1747751235961914
3.8162598609924316
4.816852331161499
6.802438020706177
3.127551794052124
5.865054607391357
9.094711542129517
0.36614179611206055
2.461681842803955
6.951576232910156
9.931625127792358
0.37705421447753906
4.188466548919678
2.0398049354553223
5.451896905899048
5.241534233093262
9.1259024143219
0.34900593757629395
6.022014617919922
2.9344944953918457
1.8391649723052979
2.1922922134399414
3.8744242191314697
9.938983678817749
0.3771181106567383
6.166131973266602
5.845235109329224
2.034193754196167
3.5831706523895264
2.3480966091156006
2.076906204223633
9.3239004611969
0.34650301933288574
2.249774932861328
2.4549787044525146
6.7587645053863525
2.9760446548461914
3.3757853507995605
2.6714611053466797
2.4428634643554688
2.7566401958465576
4.810309648513794
5.947941780090332
4.975372791290283
6.99858546257019
4.2114338874816895
2.2241127490997314
3.620605707168579
5.054490566253662
5.051934242248535
2.003190755844116
1.9396193027496338
5.878796339035034
3.1235532760620117
2.1356396675109863
5.088845729827881
5.282166481018066
2.983734369277954
6.876587390899658
5.347249984741211
4.631555080413818
9.98063588142395
0.3769681453704834
4.315021991729736
3.5914576053619385
5.211890935897827
5.775410413742065
5.04969334602356
1.9358181953430176
2.5472068786621094
1.910412073135376
9.349230766296387
0.3602418899536133
4.395956754684448
7.848078966140747
0.30238866806030273
9.149732112884521
0.35103392601013184
2.5359609127044678
2.0935218334198
3.232368230819702
3.42733097076416
2.0579428672790527
3.6452317237854004
2.562640428543091
5.453186273574829
4.553684711456299
3.556269407272339
5.0348381996154785
5.990525007247925
8.514538764953613
0.33455896377563477
7.110461950302124
0.2940714359283447
2.9348933696746826
3.1597607135772705
1.6922969818115234
2.1284260749816895
4.914243936538696
2.94183087348938
2.2310397624969482
2.2190208435058594
3.5166428089141846
2.391596555709839
3.9768409729003906
2.3514513969421387
3.289271116256714
1.208937406539917
9.029710531234741
0.3349926471710205
1.9864225387573242
3.5482664108276367
3.65651798248291
2.2951533794403076
3.8167006969451904
3.4449052810668945
3.483675718307495
2.348306655883789
2.884953498840332
6.6694724559783936
5.042868375778198
3.800102949142456
3.6254043579101562
9.298443078994751
0.3382866382598877
0.5953371524810791
3.4186177253723145
2.1970696449279785
4.714597940444946
2.9106526374816895
8.161293983459473
0.3078749179840088
4.092555284500122
4.612778186798096
3.531836748123169
3.6720757484436035
6.096226930618286
3.427628993988037
1.3786766529083252
2.451404333114624
4.613691806793213
6.455329179763794
4.686929941177368
2.3730270862579346
10.368997812271118
0.37799859046936035
1.078202247619629
1.9776277542114258
1.955603837966919
4.951268672943115
2.284466505050659
3.6645853519439697
4.836774110794067
1.8327605724334717
7.091264486312866
2.747434616088867
3.898340940475464
9.847096681594849
0.37745070457458496
2.0027236938476562
4.840635776519775
7.143044471740723
2.0904951095581055
3.079712390899658
3.4211068153381348
5.222240686416626
4.507789373397827
5.875608921051025
6.918292284011841
2.0468666553497314
1.4757053852081299
4.869024991989136
4.716793060302734
3.349275588989258
6.6360087394714355
3.6632041931152344
3.8928468227386475
9.289404153823853
0.35159730911254883
2.7487409114837646
2.282866954803467
3.333313226699829
3.285557508468628
3.575061321258545
7.958760976791382
0.29532551765441895
3.4146244525909424
9.320038318634033
0.35375118255615234
3.6325557231903076
3.791904926300049
7.910811424255371
0.30303096771240234
2.996213436126709
3.986607789993286
1.2384765148162842
4.926378011703491
7.0890889167785645
4.602155685424805
5.950404167175293
3.8939871788024902
