2.533212661743164
0.41098856925964355
0.37388062477111816
0.5129222869873047
0.317657470703125
0.3443124294281006
0.7270910739898682
0.6248712539672852
0.8266401290893555
0.8233456611633301
0.8360610008239746
0.7802939414978027
0.9359228610992432
0.8016705513000488
0.2173783779144287
0.4880352020263672
0.7118515968322754
0.8373847007751465
1.0959761142730713
0.8382208347320557
0.22702956199645996
0.638787031173706
0.9701478481292725
0.8047182559967041
0.8608551025390625
0.8250176906585693
1.024017572402954
0.876056432723999
0.15267014503479004
0.7908165454864502
0.9880664348602295
0.77095627784729
0.9453554153442383
0.7976529598236084
0.15147662162780762
0.6942956447601318
0.9288063049316406
0.7369327545166016
0.16568255424499512
0.6017632484436035
0.8060398101806641
0.7169644832611084
0.6307268142700195
0.7839159965515137
0.9772114753723145
1.0145349502563477
0.17279577255249023
0.7328746318817139
0.9057180881500244
1.2719993591308594
1.1209137439727783
0.5856046676635742
0.3339228630065918
0.13759613037109375
0.3470926284790039
0.9676694869995117
1.0074083805084229
0.7065329551696777
0.861412525177002
0.7595109939575195
1.0781009197235107
0.8010098934173584
0.14389657974243164
0.6875784397125244
1.0131118297576904
0.7767353057861328
0.8795757293701172
0.7971761226654053
0.6997532844543457
0.8071424961090088
0.8776693344116211
0.8488740921020508
0.15165996551513672
0.5971076488494873
0.8567955493927002
0.7143909931182861
0.7398476600646973
0.8500082492828369
0.9392356872558594
0.15210509300231934
0.6848225593566895
0.6149928569793701
1.0599408149719238
0.8066632747650146
0.2978835105895996
0.5925736427307129
0.923922061920166
0.7701401710510254
0.8166468143463135
0.989145040512085
0.942103385925293
1.0619328022003174
0.77767014503479
0.8825805187225342
0.8196032047271729
0.9484431743621826
0.9679419994354248
0.8856120109558105
0.6700611114501953
1.0631954669952393
0.7457282543182373
0.6340937614440918
0.21546626091003418
0.5551156997680664
0.1626293659210205
0.784834623336792
0.7750294208526611
0.6690826416015625
1.0508854389190674
0.7563951015472412
0.19918608665466309
0.6045248508453369
0.8967289924621582
0.8102025985717773
0.9498088359832764
0.9237620830535889
0.7891714572906494
0.6118135452270508
0.7315554618835449
0.8687965869903564
0.805417537689209
1.013669729232788
1.1771793365478516
0.8744175434112549
0.17955231666564941
0.4935121536254883
0.780637264251709
0.736879825592041
0.6813027858734131
0.7252748012542725
0.9865865707397461
1.0362358093261719
0.722750186920166
0.7952530384063721
0.7910833358764648
0.7579467296600342
0.9625773429870605
0.8507721424102783
0.8779616355895996
0.7733676433563232
1.1206636428833008
0.789160966873169
0.1432805061340332
0.5355675220489502
0.6782047748565674
0.6878149509429932
1.2865831851959229
0.8083610534667969
0.21431589126586914
0.580725908279419
0.9626755714416504
0.7772216796875
0.8797926902770996
0.1547229290008545
0.6285700798034668
0.8341994285583496
0.7146923542022705
0.5961177349090576
1.2804088592529297
0.8872368335723877
0.21871662139892578
0.9069383144378662
0.9280948638916016
0.16539597511291504
0.7238671779632568
0.56900954246521
0.8186328411102295
0.701413631439209
1.1065700054168701
1.1766409873962402
0.29709577560424805
0.5704782009124756
0.17239713668823242
0.7948799133300781
0.9532043933868408
0.9555761814117432
0.9611599445343018
0.7328040599822998
0.9750926494598389
0.7436716556549072
0.12029075622558594
0.45331263542175293
0.9357812404632568
0.8553624153137207
0.8308975696563721
0.8761627674102783
0.8113236427307129
0.7099401950836182
0.8453285694122314
0.6316759586334229
0.6104001998901367
0.8753266334533691
0.7620723247528076
0.7437176704406738
0.7348077297210693
0.7617168426513672
0.7617275714874268
0.9623572826385498
0.7526631355285645
0.7834787368774414
1.302842140197754
0.5569541454315186
0.2097477912902832
0.5699417591094971
0.9051113128662109
1.1553230285644531
0.689326286315918
0.18727874755859375
0.435178279876709
0.6565709114074707
0.9891250133514404
0.8407433032989502
0.15804457664489746
0.8220481872558594
0.8589279651641846
0.7292807102203369
1.0405430793762207
0.9141597747802734
0.1696178913116455
0.6054749488830566
0.9158725738525391
0.7371721267700195
1.0387718677520752
1.0429890155792236
0.15767288208007812
0.5630595684051514
0.6443476676940918
0.9471533298492432
0.7449595928192139
0.7903680801391602
0.8951492309570312
1.2894103527069092
0.8511602878570557
0.16344785690307617
0.6556613445281982
0.9055485725402832
0.8340303897857666
0.8165264129638672
0.9426381587982178
0.8764760494232178
1.0455329418182373
0.7511646747589111
0.11920523643493652
0.5751266479492188
0.6996819972991943
1.1112446784973145
0.7777936458587646
0.1645340919494629
0.7179291248321533
0.7690258026123047
0.6610913276672363
0.6756174564361572
0.6683917045593262
0.6620666980743408
0.8491137027740479
0.7718870639801025
0.9857566356658936
1.0147175788879395
0.8056995868682861
0.8052701950073242
0.9174823760986328
0.9801044464111328
1.0344629287719727
0.8335027694702148
0.865480899810791
0.8071990013122559
0.6136419773101807
0.6814627647399902
0.883786678314209
0.8743536472320557
0.8672492504119873
0.9045710563659668
0.9288771152496338
0.9547107219696045
0.96295166015625
0.9681248664855957
0.7317874431610107
0.7324528694152832
1.0784971714019775
0.9507551193237305
0.14544129371643066
0.6025383472442627
0.7783477306365967
0.8757345676422119
0.7183699607849121
0.6807982921600342
0.6990108489990234
0.9531047344207764
0.7315540313720703
0.12093305587768555
0.6921939849853516
0.8159682750701904
0.7081973552703857
0.7221686840057373
0.8589785099029541
1.1761581897735596
0.7045152187347412
0.20292949676513672
0.505659818649292
0.7897970676422119
0.7694952487945557
0.4325587749481201
0.9118924140930176
0.7285923957824707
1.1345155239105225
0.8116717338562012
0.18961048126220703
0.6906991004943848
1.0819454193115234
0.7868187427520752
0.1672372817993164
1.1012663841247559
0.7948036193847656
0.18200111389160156
0.8553485870361328
0.6897420883178711
0.14310407638549805
0.74733567237854
0.8923993110656738
0.14840960502624512
0.8638157844543457
0.8324325084686279
0.7981786727905273
1.0772480964660645
0.778773307800293
1.0176045894622803
0.8728313446044922
0.8315098285675049
0.7592341899871826
0.6925396919250488
0.7096271514892578
1.0217690467834473
0.8799736499786377
0.7551705837249756
0.12117481231689453
0.48623013496398926
0.8865916728973389
1.1192948818206787
0.9593124389648438
0.15114831924438477
1.1461551189422607
0.9465422630310059
0.2196977138519287
0.6038763523101807
0.9548823833465576
0.942307710647583
0.7563514709472656
0.9049251079559326
0.7372181415557861
0.7642045021057129
0.9859163761138916
0.4624195098876953
0.18088293075561523
0.6276504993438721
0.6712274551391602
0.9022073745727539
0.8454515933990479
0.6646468639373779
0.7531323432922363
0.8482542037963867
1.0147764682769775
0.7307338714599609
1.1170129776000977
0.9950101375579834
0.21767139434814453
0.6701276302337646
0.1500234603881836
0.6489808559417725
1.0167014598846436
0.9336445331573486
0.7521698474884033
0.5819172859191895
0.7460060119628906
0.6879575252532959
0.8138542175292969
0.6886067390441895
0.8896834850311279
0.8346877098083496
0.7504427433013916
0.8118610382080078
0.779503345489502
0.7530660629272461
0.9681534767150879
0.9107062816619873
0.9390857219696045
1.1411261558532715
0.8210248947143555
0.1452350616455078
0.7955043315887451
0.8662168979644775
0.690366268157959
1.1694295406341553
0.8114097118377686
0.20723533630371094
0.6675796508789062
0.8384723663330078
0.8241596221923828
1.0124180316925049
0.9968910217285156
0.769995927810669
1.092343807220459
0.5707006454467773
0.14493465423583984
0.5942797660827637
0.8502945899963379
0.9841084480285645
0.8052706718444824
1.085247278213501
1.0152435302734375
0.14405155181884766
1.0105960369110107
0.8269145488739014
0.2655041217803955
0.5660452842712402
0.9489541053771973
1.039830207824707
1.0231285095214844
0.12253499031066895
0.9002811908721924
1.1214957237243652
0.8386454582214355
0.21394681930541992
0.608466386795044
0.8961563110351562
0.7747623920440674
0.9455356597900391
0.79164719581604
0.8267011642456055
0.7989099025726318
1.0593879222869873
0.844839334487915
0.14700555801391602
0.8919658660888672
1.0625038146972656
0.18807244300842285
0.5603077411651611
0.17026591300964355
0.4697296619415283
0.6632816791534424
0.9156053066253662
1.0898902416229248
0.7060050964355469
0.12280011177062988
0.6323223114013672
1.0314183235168457
0.8170831203460693
0.15644073486328125
0.5096616744995117
0.9510555267333984
0.7799065113067627
0.8783397674560547
0.7030444145202637
0.7897036075592041
0.17269492149353027
0.8253581523895264
0.8089809417724609
0.16060256958007812
0.7612268924713135
0.8178067207336426
0.894885778427124
0.7124917507171631
0.779132604598999
1.0588510036468506
0.7574727535247803
0.14400768280029297
0.4506816864013672
0.7640829086303711
0.8032393455505371
1.1963305473327637
0.8611018657684326
0.20750737190246582
0.728036642074585
0.8619747161865234
0.9076576232910156
1.0158705711364746
0.981856107711792
0.19719314575195312
0.5900187492370605
0.16332674026489258
0.8328330516815186
0.7656042575836182
0.6679413318634033
0.8990437984466553
0.7396750450134277
0.5853636264801025
0.7221641540527344
0.6453516483306885
0.7906639575958252
0.8793494701385498
0.9495244026184082
0.8492324352264404
0.7345125675201416
1.162109613418579
0.9666974544525146
0.2265784740447998
1.0341885089874268
0.7770326137542725
0.18204545974731445
0.8400616645812988
0.8181638717651367
0.65631103515625
0.6680006980895996
1.0319187641143799
0.7368648052215576
0.157562255859375
0.6060831546783447
0.739952564239502
0.818892240524292
0.8615920543670654
0.8575229644775391
0.848505973815918
0.7494316101074219
0.5545558929443359
0.6025025844573975
0.7481071949005127
0.9793076515197754
1.0120861530303955
1.098663568496704
1.0761220455169678
0.16756105422973633
0.9236104488372803
1.0335800647735596
0.16500544548034668
0.6727321147918701
1.0617022514343262
0.9094700813293457
0.1529252529144287
0.5255768299102783
0.7516698837280273
0.9218623638153076
0.9896931648254395
0.8129072189331055
0.7530734539031982
0.8491597175598145
1.1168632507324219
0.7413613796234131
0.18353986740112305
0.8678557872772217
0.7106387615203857
0.15305471420288086
0.6248300075531006
0.9999134540557861
0.6888909339904785
0.1479332447052002
0.7476885318756104
0.731067419052124
0.780982494354248
0.8324332237243652
0.8464469909667969
0.80753493309021
0.7590703964233398
0.5239598751068115
0.9481937885284424
0.9529085159301758
0.8385188579559326
0.9037046432495117
0.9877994060516357
0.791003942489624
0.4473543167114258
0.7036004066467285
0.933929443359375
1.3043458461761475
0.9026675224304199
0.20755267143249512
0.6990931034088135
0.6355326175689697
0.7910628318786621
0.8485062122344971
0.8225154876708984
0.6940724849700928
0.8480126857757568
0.98712158203125
0.7994465827941895
0.787466287612915
0.8469879627227783
0.8996758460998535
0.7888801097869873
0.7867410182952881
0.6798920631408691
0.9681572914123535
0.7303390502929688
0.8073036670684814
0.9123730659484863
0.8028361797332764
0.9336538314819336
0.9518098831176758
0.6923208236694336
0.7279403209686279
0.9098632335662842
0.8737733364105225
1.081057071685791
0.8480596542358398
0.15972471237182617
0.6320955753326416
0.6014080047607422
0.8425633907318115
0.8125326633453369
0.9938416481018066
1.042952060699463
1.0627176761627197
0.12028002738952637
0.3734896183013916
0.7444455623626709
1.0826101303100586
0.7927749156951904
0.6582622528076172
0.6321451663970947
0.8367679119110107
0.8357479572296143
0.9278175830841064
0.9886977672576904
0.7955362796783447
0.17632532119750977
0.8496599197387695
0.9878809452056885
0.1522669792175293
0.6950616836547852
0.7965912818908691
0.8911964893341064
0.948702335357666
1.209458351135254
0.7244901657104492
0.1922435760498047
0.5176136493682861
0.6727561950683594
1.0863094329833984
1.0331518650054932
0.1752312183380127
1.0364000797271729
1.0374605655670166
0.12447953224182129
0.9092116355895996
1.0427706241607666
1.4805502891540527
1.2278761863708496
0.2308483123779297
0.7704160213470459
0.8593995571136475
1.240675687789917
1.1611831188201904
1.1123340129852295
1.1350626945495605
1.2969257831573486
1.0522055625915527
1.1974236965179443
1.148392677307129
1.066770315170288
1.238616943359375
0.8901388645172119
0.18099260330200195
0.9208972454071045
0.8157174587249756
1.0440800189971924
0.16377806663513184
0.7917838096618652
1.4053518772125244
1.2666029930114746
0.23466038703918457
0.9346587657928467
0.17948603630065918
0.7863500118255615
1.240574836730957
1.0157654285430908
0.17391395568847656
0.8439083099365234
1.2368426322937012
1.202432632446289
0.13998174667358398
0.8148500919342041
1.0219948291778564
0.9968912601470947
0.993584394454956
1.1332576274871826
1.3321011066436768
1.2233202457427979
0.12947344779968262
0.942455530166626
0.15846729278564453
0.7390315532684326
0.9560761451721191
0.7789075374603271
1.0380475521087646
1.2061572074890137
1.2196078300476074
0.9079017639160156
0.996889591217041
1.0407795906066895
0.8602752685546875
0.8514971733093262
0.9164292812347412
0.8710508346557617
1.375842809677124
1.2149310111999512
0.24288058280944824
0.8274426460266113
1.4811367988586426
1.199610948562622
0.23499155044555664
0.6475589275360107
0.8815176486968994
1.0423033237457275
0.8045961856842041
0.8811626434326172
0.16565513610839844
0.570521354675293
1.1700427532196045
1.0675950050354004
0.18207764625549316
0.6676037311553955
0.9730057716369629
0.8296833038330078
1.0004603862762451
1.0146253108978271
0.899094820022583
0.8251392841339111
0.9793407917022705
1.0156135559082031
0.9974818229675293
1.4183173179626465
1.2706286907196045
0.22240829467773438
0.6907474994659424
0.18264102935791016
1.2624006271362305
1.1293106079101562
0.23102498054504395
0.6166839599609375
0.9988298416137695
1.05491042137146
1.0097787380218506
1.3747165203094482
1.1093709468841553
0.2790539264678955
0.8497047424316406
0.9915733337402344
1.042940616607666
0.8655788898468018
0.9335594177246094
1.172335147857666
0.8818259239196777
0.9368240833282471
1.096144437789917
1.0135307312011719
1.2512128353118896
1.0117793083190918
0.17208313941955566
0.860701322555542
0.8618955612182617
1.412482738494873
0.8835217952728271
0.2765774726867676
0.3901486396789551
0.902101993560791
1.3194937705993652
1.181746482849121
0.18897104263305664
0.7663805484771729
0.1393587589263916
0.5897536277770996
0.803978681564331
0.9688811302185059
1.0123703479766846
1.0693416595458984
1.2176804542541504
1.2604401111602783
0.18161368370056152
0.707744836807251
0.14261794090270996
0.9475803375244141
1.2088613510131836
0.19110488891601562
1.0496370792388916
0.15999174118041992
0.9823973178863525
0.1202843189239502
1.0846195220947266
0.19661283493041992
0.7660698890686035
1.2765138149261475
1.368436574935913
0.16992783546447754
0.7288148403167725
0.22020435333251953
0.9635443687438965
1.2513060569763184
0.17835378646850586
0.7732555866241455
1.116713047027588
0.8882970809936523
1.1575047969818115
1.1690864562988281
0.19822359085083008
0.7322750091552734
1.272878885269165
0.9822018146514893
1.2620584964752197
1.1054646968841553
1.141850233078003
1.132591962814331
1.3424770832061768
1.1779704093933105
0.22205829620361328
0.503427267074585
1.1147003173828125
1.0455412864685059
0.8159887790679932
0.9248945713043213
0.9248888492584229
1.4445528984069824
1.3007423877716064
0.23528027534484863
0.8848893642425537
0.17056918144226074
0.9666111469268799
1.4490396976470947
1.2394578456878662
0.20295476913452148
0.9734725952148438
0.14254450798034668
0.9749763011932373
0.18013429641723633
0.9124078750610352
1.2146008014678955
1.1308832168579102
0.1760268211364746
0.834174633026123
1.0935359001159668
1.0782146453857422
1.3841009140014648
1.1410880088806152
0.19819283485412598
0.7152900695800781
0.17249774932861328
0.5586757659912109
0.9101309776306152
1.0204813480377197
0.8383009433746338
1.0452373027801514
0.8090407848358154
0.8019814491271973
0.81081223487854
0.9784343242645264
0.9603779315948486
0.9337399005889893
0.6929416656494141
0.7658438682556152
1.299818754196167
0.8058626651763916
0.21597814559936523
0.5607712268829346
1.0957834720611572
0.8004541397094727
0.15370917320251465
0.9082765579223633
0.16373968124389648
0.7652792930603027
0.7872674465179443
0.9619491100311279
0.8269953727722168
1.0582339763641357
1.0563969612121582
0.7956733703613281
0.6767196655273438
1.006382942199707
1.1391024589538574
0.8108928203582764
0.12352728843688965
0.5104398727416992
1.0997912883758545
0.8371949195861816
0.15280961990356445
0.8471310138702393
1.1582276821136475
1.0745511054992676
0.1521151065826416
0.8768236637115479
0.1581733226776123
0.7851338386535645
0.8440768718719482
1.1581509113311768
1.0041499137878418
0.1665492057800293
0.7711150646209717
0.7102947235107422
0.9200892448425293
1.0762715339660645
1.0547454357147217
0.15145158767700195
0.9586787223815918
1.155942678451538
0.14600801467895508
0.7365822792053223
0.2082962989807129
0.5247485637664795
0.8658332824707031
1.0809881687164307
0.8317992687225342
1.0356743335723877
1.1566267013549805
1.156181812286377
0.17431330680847168
0.4227166175842285
0.18611550331115723
0.7770686149597168
1.0553205013275146
0.8752968311309814
0.7586355209350586
0.9593706130981445
1.2030096054077148
0.7132143974304199
0.1454157829284668
0.7681987285614014
0.8506786823272705
1.0862414836883545
0.9768571853637695
0.15463471412658691
0.6477763652801514
0.7402634620666504
0.8130917549133301
0.8724982738494873
0.8074512481689453
0.8169131278991699
0.8692145347595215
0.9592621326446533
1.1405861377716064
0.7774465084075928
0.16272783279418945
0.5934693813323975
0.917586088180542
0.8929460048675537
0.7607893943786621
1.0068304538726807
0.9452192783355713
0.8485162258148193
0.7822296619415283
0.8662810325622559
1.1093130111694336
0.811211347579956
0.12300825119018555
0.5526261329650879
0.8332457542419434
1.0400841236114502
0.9440326690673828
0.7556419372558594
0.7530639171600342
0.8049328327178955
0.8801529407501221
0.953869104385376
1.0809237957000732
0.80387282371521
0.12204289436340332
0.2553255558013916
1.0644636154174805
1.1379811763763428
0.8538918495178223
0.12682104110717773
0.5378592014312744
1.1554005146026611
0.8426427841186523
0.1254262924194336
0.619300127029419
0.8707201480865479
0.9112868309020996
1.115053415298462
0.975243091583252
0.14739441871643066
0.9440054893493652
0.799633264541626
0.1632368564605713
0.7251589298248291
0.9936788082122803
0.912996768951416
1.0291459560394287
0.8362793922424316
1.1777122020721436
0.9038770198822021
0.17291951179504395
0.741952657699585
1.0707600116729736
0.8108439445495605
0.15931987762451172
0.6342976093292236
1.0713682174682617
0.8989624977111816
0.15471959114074707
0.767852783203125
1.0492489337921143
0.8904387950897217
0.1211550235748291
0.717897891998291
0.6827363967895508
0.7597477436065674
1.0462591648101807
0.9364056587219238
0.892514705657959
0.875586748123169
0.8897073268890381
1.0111126899719238
0.9395062923431396
0.9618017673492432
0.8349475860595703
0.670769214630127
1.005396842956543
0.8416595458984375
1.0701878070831299
0.9757294654846191
0.15888190269470215
1.1800501346588135
1.1163315773010254
0.2627522945404053
0.5791923999786377
0.7145421504974365
0.9269402027130127
0.8565008640289307
0.9865052700042725
0.9944894313812256
0.716106653213501
0.6360588073730469
1.0414214134216309
1.1370842456817627
0.7851428985595703
0.16075491905212402
0.8867065906524658
0.9404864311218262
0.7685120105743408
0.7378323078155518
0.848400354385376
0.676119327545166
0.9366893768310547
0.8812093734741211
0.12077617645263672
0.8201251029968262
1.0202064514160156
0.8652098178863525
0.9347128868103027
1.1978411674499512
1.1742002964019775
0.24997305870056152
0.7590553760528564
1.0558581352233887
0.7774741649627686
1.3168814182281494
0.7958769798278809
0.1897435188293457
0.39664673805236816
0.9341690540313721
1.1429502964019775
1.0497970581054688
0.7963576316833496
0.8773210048675537
1.021113395690918
0.784111738204956
0.8301010131835938
0.12005186080932617
0.7538299560546875
1.0360190868377686
0.8627285957336426
0.9779248237609863
1.1049633026123047
0.9522294998168945
0.16839170455932617
0.8969006538391113
0.9347999095916748
0.8483428955078125
1.0078175067901611
1.284975528717041
0.9452977180480957
0.17638707160949707
0.89780592918396
0.9338130950927734
0.669687032699585
1.065537452697754
0.972322940826416
0.8304190635681152
0.8903942108154297
1.098421573638916
0.9812283515930176
1.3066797256469727
0.9186959266662598
0.20888090133666992
0.6165797710418701
0.9266927242279053
0.8711049556732178
1.0730173587799072
0.796424388885498
0.9577207565307617
0.9824979305267334
1.1370820999145508
0.8749418258666992
0.156419038772583
0.6623914241790771
0.9840517044067383
1.1280837059020996
1.2283098697662354
0.16745662689208984
0.9794285297393799
0.16042566299438477
0.7810146808624268
0.1614518165588379
0.7332921028137207
0.902029275894165
0.7757790088653564
0.9087679386138916
0.7286295890808105
1.0825350284576416
1.0753679275512695
0.11941289901733398
1.019425868988037
0.17468023300170898
0.9274532794952393
0.14858293533325195
0.7603042125701904
1.1694917678833008
0.7869858741760254
0.14104580879211426
0.6890039443969727
1.1098320484161377
0.839651346206665
0.1502978801727295
0.6609501838684082
1.0393712520599365
0.8450541496276855
0.12470555305480957
0.7389216423034668
0.8096065521240234
0.8533883094787598
1.0162596702575684
0.8695616722106934
0.8928868770599365
0.9100520610809326
1.1460320949554443
1.22078537940979
0.15903186798095703
0.7168405055999756
0.14496588706970215
0.6540322303771973
0.872887372970581
0.8491992950439453
0.894824743270874
0.9770529270172119
1.0016343593597412
0.7714085578918457
0.7447755336761475
0.7558307647705078
1.0856943130493164
0.9734029769897461
0.14844775199890137
0.6410312652587891
0.5864131450653076
1.1063218116760254
0.8050796985626221
0.15507149696350098
0.5442497730255127
0.9772796630859375
0.8540105819702148
1.187225103378296
1.1135239601135254
0.22826719284057617
0.5572354793548584
0.11976170539855957
0.9175870418548584
0.768944501876831
0.8656868934631348
0.997795581817627
0.7559423446655273
0.9590945243835449
0.7700881958007812
0.7855079174041748
0.8634593486785889
0.702908992767334
1.1040470600128174
0.9565155506134033
0.15951037406921387
0.7467567920684814
0.901986837387085
1.2271249294281006
0.8820137977600098
0.20992016792297363
1.0040056705474854
0.8179280757904053
0.14275383949279785
0.6878557205200195
0.9587693214416504
1.1372580528259277
0.8577117919921875
0.8936381340026855
0.8332908153533936
1.0062229633331299
0.9257254600524902
0.8899998664855957
0.9046111106872559
1.1462233066558838
0.9546570777893066
0.16939401626586914
0.8119246959686279
0.8584802150726318
0.8994259834289551
1.4521331787109375
1.1942667961120605
0.2642064094543457
0.7655329704284668
0.17246007919311523
0.618281364440918
0.9534816741943359
0.8388440608978271
0.831467866897583
0.9714090824127197
1.0772976875305176
0.8137428760528564
0.7601480484008789
1.0834875106811523
0.7746350765228271
0.9720885753631592
1.0283732414245605
0.9746646881103516
0.9787254333496094
0.855928897857666
0.9770598411560059
0.893580436706543
1.0527136325836182
0.9020631313323975
1.0054864883422852
1.1565558910369873
1.1033437252044678
1.159898281097412
1.207939863204956
1.2021069526672363
0.9715397357940674
1.04133939743042
1.0481622219085693
1.128810167312622
0.8790462017059326
0.9319725036621094
1.2838857173919678
1.1695759296417236
0.1751856803894043
0.7531688213348389
0.15318775177001953
0.7080023288726807
0.7962751388549805
0.7595767974853516
0.7603366374969482
0.9113674163818359
0.9437389373779297
1.314953327178955
1.101072072982788
0.2007462978363037
1.1249198913574219
1.1459360122680664
0.19768667221069336
0.9033417701721191
0.6984217166900635
1.0054950714111328
1.1290693283081055
1.1307673454284668
0.944122314453125
0.9237427711486816
0.9212377071380615
0.9792072772979736
0.9629964828491211
0.9942147731781006
1.1199584007263184
1.0757970809936523
1.156536340713501
0.9719862937927246
0.16726946830749512
0.8117468357086182
1.124549150466919
0.8229231834411621
0.8731787204742432
0.8657083511352539
1.0872523784637451
0.8836920261383057
1.1498332023620605
0.861520528793335
0.7153458595275879
0.9494955539703369
1.1364245414733887
1.1413209438323975
0.7745020389556885
0.9452822208404541
1.0284035205841064
0.9362795352935791
1.04836106300354
1.032926082611084
0.9697585105895996
0.9797780513763428
0.9611697196960449
0.9406623840332031
0.8172218799591064
0.9602451324462891
1.257258653640747
1.2741203308105469
1.0054466724395752
0.1711575984954834
0.8828251361846924
1.1269912719726562
1.1029479503631592
1.0300390720367432
1.067431926727295
0.8382413387298584
0.6472630500793457
1.430398941040039
1.0333154201507568
0.23957133293151855
0.5818800926208496
1.0405299663543701
1.01539945602417
1.0251948833465576
1.2211456298828125
1.1681313514709473
1.1016340255737305
1.028289556503296
1.2365179061889648
0.87093186378479
0.13399004936218262
0.3576173782348633
1.7670719623565674
0.18784546852111816
0.7630925178527832
0.9366068840026855
1.300720453262329
1.0900979042053223
0.18048357963562012
0.7640283107757568
1.2262187004089355
1.1489744186401367
0.16498589515686035
0.8002896308898926
0.8617663383483887
0.975928544998169
0.8437187671661377
1.04020094871521
0.9202766418457031
0.921931266784668
0.8597736358642578
0.9824461936950684
1.3455417156219482
0.9730448722839355
0.19584941864013672
1.112654447555542
0.8972244262695312
0.1780099868774414
0.6359140872955322
0.9844236373901367
0.8936030864715576
0.8355512619018555
1.4812824726104736
1.1775200366973877
0.18712806701660156
1.1939895153045654
0.5554964542388916
0.15736865997314453
0.8788838386535645
1.1901986598968506
0.8471910953521729
1.1049602031707764
1.3179447650909424
1.0332119464874268
0.8828239440917969
0.9287874698638916
0.9951574802398682
1.1366713047027588
1.1891288757324219
0.8696317672729492
0.1346745491027832
0.6512582302093506
0.8596682548522949
0.989447832107544
1.0124757289886475
1.0567553043365479
1.0011632442474365
1.1896753311157227
1.0654356479644775
1.139716625213623
1.2120475769042969
0.9261360168457031
0.1720733642578125
1.304929256439209
1.1396241188049316
0.22466468811035156
1.00252366065979
0.9661245346069336
0.12696409225463867
0.9756772518157959
1.161172866821289
0.18093371391296387
0.8300144672393799
0.16015148162841797
0.8367564678192139
0.8805911540985107
1.0497143268585205
1.1825742721557617
1.5286917686462402
1.1629455089569092
0.20976591110229492
0.7404477596282959
0.974602222442627
1.0807561874389648
1.132087230682373
0.9642529487609863
0.6437468528747559
1.1500024795532227
1.090104579925537
1.3485236167907715
1.340397596359253
0.18787312507629395
0.7875533103942871
0.16905570030212402
0.9048306941986084
1.0863409042358398
0.8301005363464355
1.1536979675292969
0.8996961116790771
1.259037971496582
0.8820321559906006
0.16884875297546387
0.7676050662994385
1.3439738750457764
1.1667382717132568
0.20691275596618652
1.0534420013427734
0.13109850883483887
0.8309776782989502
0.23043274879455566
0.7005183696746826
1.010143756866455
1.292738914489746
1.0118396282196045
0.18546652793884277
0.9562373161315918
0.8984107971191406
1.043761968612671
0.9052326679229736
0.834787130355835
1.0008838176727295
0.9867393970489502
1.1117641925811768
1.0772058963775635
0.17470645904541016
0.737755298614502
1.2969481945037842
1.1751353740692139
0.16756343841552734
0.770606279373169
0.9394736289978027
0.993687629699707
1.0452570915222168
0.9677383899688721
0.9876587390899658
0.7728028297424316
0.6854488849639893
0.9301760196685791
0.9279181957244873
1.191598892211914
0.8530011177062988
1.0891852378845215
1.0142526626586914
0.8513839244842529
1.2138433456420898
0.8769714832305908
0.9476311206817627
0.9592585563659668
1.0045385360717773
1.032294750213623
1.1689159870147705
1.009889841079712
1.3612613677978516
1.0454411506652832
1.027545690536499
0.814725399017334
0.7659561634063721
1.0069351196289062
1.0326824188232422
1.0560357570648193
0.8675081729888916
1.137666940689087
1.0289125442504883
0.8043062686920166
0.9927990436553955
0.8999316692352295
0.8047933578491211
0.9530167579650879
1.1156370639801025
0.9746179580688477
1.0366597175598145
0.7677080631256104
1.401632308959961
0.8738124370574951
0.21297502517700195
0.981513500213623
0.9103033542633057
0.13248276710510254
0.5185363292694092
0.9453146457672119
1.269930362701416
0.9485454559326172
0.16882944107055664
1.0175154209136963
1.226625919342041
0.16208100318908691
0.8387017250061035
0.18216586112976074
0.732140302658081
0.1950528621673584
0.6780650615692139
0.9973909854888916
0.8459033966064453
1.2171170711517334
0.9234888553619385
0.1444854736328125
0.5487020015716553
0.866161584854126
1.2373847961425781
1.1685535907745361
0.9602859020233154
0.8679013252258301
0.9614152908325195
1.3550045490264893
1.2778840065002441
0.18476057052612305
0.8160884380340576
0.1596217155456543
0.9269535541534424
0.9738419055938721
0.9377923011779785
1.206132173538208
1.278242826461792
0.16952776908874512
0.980043888092041
0.9911990165710449
1.224740982055664
1.2219138145446777
0.12148404121398926
1.056208610534668
0.11667466163635254
0.8736402988433838
0.9139454364776611
1.0867245197296143
0.8547344207763672
0.8952658176422119
0.9238107204437256
1.408989429473877
1.1510179042816162
0.21203851699829102
0.903026819229126
0.17487502098083496
0.9445576667785645
0.8702292442321777
0.9118218421936035
0.7927916049957275
0.646996021270752
0.8032186031341553
1.1568670272827148
1.102900743484497
1.0641982555389404
1.0832974910736084
1.0049500465393066
0.9842407703399658
1.0813968181610107
0.8914518356323242
0.872992753982544
1.233689546585083
0.9490454196929932
0.12935566902160645
0.9807050228118896
0.9013063907623291
0.8798115253448486
1.0145015716552734
1.0065090656280518
1.030818223953247
1.2046747207641602
0.8950376510620117
0.13759660720825195
0.6018276214599609
1.0007922649383545
1.1905527114868164
1.2367103099822998
0.17136359214782715
0.9710676670074463
0.16209769248962402
0.8101844787597656
1.0600879192352295
1.0089843273162842
0.996009349822998
1.2742118835449219
0.829059362411499
0.19596314430236816
0.7893388271331787
1.0293834209442139
0.9879727363586426
1.1648988723754883
0.7895963191986084
0.1365504264831543
0.9593310356140137
1.0502419471740723
0.8671612739562988
1.138878345489502
1.2449092864990234
0.15872645378112793
1.209726095199585
0.1672964096069336
0.565657377243042
0.21190643310546875
0.9765985012054443
1.0067522525787354
0.7776668071746826
0.8950028419494629
1.184868574142456
0.9457497596740723
0.1588733196258545
0.9117498397827148
1.1326279640197754
0.9824721813201904
0.9418060779571533
1.244959831237793
1.0006020069122314
0.18570995330810547
0.8085451126098633
1.0634479522705078
1.3650245666503906
1.154982089996338
0.20235824584960938
0.6725409030914307
0.9735438823699951
1.0401387214660645
1.0094225406646729
1.3527092933654785
0.9542789459228516
0.24617481231689453
0.5945520401000977
1.1377828121185303
1.1319520473480225
0.806995153427124
1.0431022644042969
1.1027185916900635
1.0866632461547852
0.9891505241394043
0.7959442138671875
0.7982511520385742
1.1880414485931396
1.24812650680542
0.16685056686401367
1.0033268928527832
0.1549069881439209
0.8457217216491699
0.1590430736541748
1.046126127243042
1.043973445892334
0.1732635498046875
0.9776480197906494
0.734243631362915
1.0868308544158936
0.9440855979919434
1.0972166061401367
0.9701292514801025
0.9741232395172119
1.1348183155059814
0.9449148178100586
0.16057920455932617
0.985008955001831
1.0596089363098145
0.16234374046325684
0.8448944091796875
1.2543118000030518
1.0206129550933838
0.17310166358947754
0.7819676399230957
0.9303343296051025
0.8647656440734863
0.9598453044891357
1.0182063579559326
1.0298917293548584
0.907036304473877
0.811349630355835
0.9452147483825684
0.836350679397583
1.348618745803833
0.999565601348877
0.25864338874816895
0.8241605758666992
0.9275310039520264
1.2031235694885254
1.1665458679199219
0.18238282203674316
1.0458261966705322
0.16219544410705566
0.7241733074188232
0.16814613342285156
0.7880430221557617
1.0797436237335205
1.0561466217041016
1.3223462104797363
1.2179863452911377
0.188126802444458
1.0555241107940674
0.21926379203796387
0.6745853424072266
0.1706082820892334
0.8350777626037598
1.109818935394287
0.8801379203796387
1.0796704292297363
0.15529942512512207
0.6995406150817871
0.8541135787963867
0.9454309940338135
0.7654109001159668
0.9282259941101074
0.7261650562286377
0.8771529197692871
0.8258705139160156
1.02571439743042
1.002744197845459
0.9039306640625
0.8174834251403809
1.0728466510772705
1.2132000923156738
1.063241720199585
0.8848428726196289
0.7944209575653076
0.8243169784545898
1.0276339054107666
1.1690404415130615
0.8810184001922607
1.0052480697631836
0.8234610557556152
0.7988734245300293
0.9811258316040039
1.1046545505523682
1.3381495475769043
1.1556601524353027
0.2569258213043213
0.676426887512207
0.15468335151672363
0.759326696395874
1.1448564529418945
0.9672303199768066
0.8272087574005127
1.1797189712524414
1.085296392440796
0.1199495792388916
0.8935644626617432
1.0891978740692139
1.007950782775879
0.8669800758361816
0.7752475738525391
0.7112348079681396
0.9638938903808594
0.7445557117462158
0.8100547790527344
0.7447538375854492
0.883042573928833
0.7016322612762451
0.9112546443939209
1.3778839111328125
1.203930377960205
0.19883418083190918
0.9241940975189209
0.18058443069458008
1.0403797626495361
0.9115424156188965
0.14505505561828613
0.42517685890197754
0.9023687839508057
0.8953430652618408
0.9899635314941406
0.9625222682952881
1.0830068588256836
0.9529006481170654
0.8743257522583008
0.9527342319488525
1.1200971603393555
0.9442365169525146
0.91684889793396
0.9372107982635498
0.9239442348480225
0.861055850982666
0.7343144416809082
1.0239005088806152
0.8425099849700928
0.7511496543884277
1.016207218170166
0.7811434268951416
0.8234951496124268
0.7839360237121582
1.2505216598510742
0.9117143154144287
0.18208932876586914
0.7768099308013916
1.024759292602539
0.8062336444854736
0.8820850849151611
1.0060813426971436
0.893991231918335
0.9823360443115234
1.0151128768920898
0.9811022281646729
0.8334481716156006
1.2903273105621338
0.8851828575134277
0.18282032012939453
0.6298081874847412
1.039135217666626
0.16475653648376465
0.9879779815673828
1.1401429176330566
0.17025279998779297
1.008739948272705
0.1588599681854248
0.9477388858795166
0.8821799755096436
0.9863736629486084
1.0154004096984863
0.8013291358947754
0.8551983833312988
1.2678766250610352
1.0215156078338623
0.18039536476135254
0.5849609375
0.9337899684906006
1.1380343437194824
1.0052833557128906
0.15663576126098633
0.8215377330780029
1.0360991954803467
0.9948906898498535
0.911590576171875
1.009695291519165
1.046412706375122
0.9644732475280762
0.9563987255096436
0.8473935127258301
0.8127117156982422
0.9289805889129639
1.0012805461883545
1.1167211532592773
1.067781686782837
0.839118242263794
0.770054817199707
0.8250603675842285
0.7765161991119385
0.7738430500030518
1.1100754737854004
0.7980763912200928
1.3007562160491943
1.3037681579589844
0.21797752380371094
0.9804661273956299
0.16834783554077148
0.6791632175445557
0.18132901191711426
0.4984579086303711
0.9471068382263184
1.0329344272613525
0.8634483814239502
1.2659082412719727
1.2308509349822998
0.18315482139587402
0.7253613471984863
0.14007830619812012
0.6119661331176758
0.9308977127075195
1.149855375289917
1.105964183807373
0.15550756454467773
0.8393676280975342
1.0629324913024902
1.141425371170044
1.2036762237548828
0.15949010848999023
0.6745729446411133
0.17146515846252441
0.8314979076385498
0.9587264060974121
0.8453934192657471
1.221343994140625
1.0633759498596191
0.16350221633911133
0.7864370346069336
0.8940808773040771
1.023158311843872
0.9924933910369873
1.303851842880249
1.007974624633789
0.17949414253234863
0.8404872417449951
1.0278520584106445
0.8820960521697998
0.8306586742401123
0.9416382312774658
1.0036580562591553
1.3443732261657715
0.9881350994110107
0.24973034858703613
0.6726021766662598
0.9932022094726562
0.8815147876739502
0.8456728458404541
0.9241023063659668
0.8075072765350342
0.5486574172973633
0.8787143230438232
1.0250310897827148
0.9285151958465576
0.6972603797912598
0.9465434551239014
1.058821678161621
0.8048689365386963
1.119016170501709
1.0352988243103027
1.2938778400421143
0.7530076503753662
0.2585792541503906
0.6004934310913086
0.9690330028533936
1.000272512435913
0.9542951583862305
0.9539120197296143
1.0159239768981934
0.9975259304046631
0.8833103179931641
1.0437135696411133
1.3437063694000244
0.9520378112792969
0.2148284912109375
0.5907125473022461
0.9787921905517578
1.1124610900878906
0.9720759391784668
0.9337024688720703
0.7647073268890381
0.9478259086608887
1.267167091369629
0.852078914642334
0.14476704597473145
0.5972859859466553
0.9634542465209961
1.0340313911437988
0.9095959663391113
0.9824867248535156
0.8248023986816406
0.9381184577941895
1.1238272190093994
0.9408285617828369
0.15240979194641113
0.9323365688323975
0.9289531707763672
0.9540219306945801
0.8870389461517334
1.0409157276153564
0.748255729675293
1.0406608581542969
1.0843384265899658
1.0313169956207275
0.9679620265960693
1.1433207988739014
1.1749053001403809
0.92779541015625
0.1781291961669922
0.7325990200042725
1.0335209369659424
0.9463813304901123
0.897040843963623
0.7213027477264404
0.62892746925354
1.192112684249878
0.9421737194061279
0.1774759292602539
0.9671432971954346
1.1287760734558105
1.3975346088409424
1.1625442504882812
0.22191762924194336
0.8257951736450195
0.8910925388336182
0.8447082042694092
0.9254722595214844
0.7995998859405518
0.9471466541290283
0.7210350036621094
0.9469847679138184
1.1344671249389648
1.0004336833953857
0.9361057281494141
0.7891349792480469
1.0779693126678467
0.9663980007171631
0.7861886024475098
0.7787570953369141
1.1105597019195557
1.0942087173461914
0.8170177936553955
0.9426155090332031
1.0018894672393799
1.0442001819610596
0.9290573596954346
1.0306596755981445
1.0648441314697266
0.7938089370727539
0.9373469352722168
0.8661909103393555
0.8411862850189209
1.0488924980163574
0.7941577434539795
0.722172737121582
0.9925141334533691
0.9479281902313232
0.7752742767333984
0.9422833919525146
0.927309513092041
0.769059419631958
0.9069793224334717
0.8949332237243652
1.1024093627929688
0.8267490863800049
0.9133255481719971
1.0359385013580322
0.9355583190917969
1.168632984161377
1.2328736782073975
0.16113615036010742
0.8213155269622803
1.0724740028381348
0.9929101467132568
0.9934515953063965
1.0576660633087158
1.1403429508209229
1.0605356693267822
0.1648092269897461
0.7022030353546143
1.1786537170410156
1.0468130111694336
0.18181562423706055
0.765160083770752
0.9089934825897217
1.132521629333496
1.0751140117645264
0.1596682071685791
0.9736876487731934
1.064131736755371
0.15282917022705078
0.7768025398254395
0.962669849395752
0.9513950347900391
0.992640495300293
0.9109065532684326
0.9579143524169922
1.1502244472503662
0.9429218769073486
0.1633622646331787
0.638918399810791
1.048663854598999
1.0195636749267578
1.1072771549224854
0.905512809753418
1.121201753616333
0.9872682094573975
0.7745101451873779
0.7329285144805908
0.8552849292755127
0.913611650466919
0.7509036064147949
0.829632043838501
0.9518370628356934
0.7526366710662842
0.7898550033569336
0.6785087585449219
0.934894323348999
1.0092980861663818
0.9916768074035645
0.9744045734405518
1.090648889541626
1.1818082332611084
1.1161141395568848
0.15850234031677246
0.8933970928192139
1.444784164428711
1.0420808792114258
0.2511882781982422
0.6825168132781982
1.0599339008331299
1.3371586799621582
1.0066146850585938
0.19742846488952637
0.9239506721496582
1.0936689376831055
0.120208740234375
1.0778517723083496
0.9100444316864014
0.17562437057495117
0.9541072845458984
0.8236269950866699
0.8690447807312012
0.9037246704101562
0.9700367450714111
0.9131789207458496
1.0761888027191162
1.1969716548919678
1.0070128440856934
0.9389469623565674
0.42630672454833984
0.8529486656188965
1.0809121131896973
0.9360218048095703
0.9526827335357666
1.205702781677246
0.9907326698303223
0.16421031951904297
0.7703053951263428
0.8344900608062744
0.9691464900970459
1.0248327255249023
0.7807822227478027
1.0342743396759033
0.9980216026306152
1.1359403133392334
0.945030927658081
1.0554625988006592
1.202895164489746
1.0847156047821045
0.176530122756958
0.6675255298614502
1.01185941696167
0.9512917995452881
1.300746202468872
0.9581196308135986
0.16952848434448242
0.978388786315918
0.905860424041748
1.1800563335418701
1.0986511707305908
0.15497970581054688
0.6701614856719971
0.9282984733581543
1.0459790229797363
1.0062427520751953
0.9302680492401123
0.8812887668609619
0.9358110427856445
1.1736657619476318
0.8938517570495605
0.12502241134643555
1.0116524696350098
1.0828700065612793
0.15578651428222656
1.201439380645752
1.128110408782959
0.21373224258422852
0.6358058452606201
0.12377595901489258
0.2606980800628662
1.2567486763000488
0.9447836875915527
0.26387786865234375
0.8720147609710693
0.8432283401489258
1.2165062427520752
1.159606695175171
0.21834087371826172
0.6341488361358643
0.13765430450439453
0.7193257808685303
1.1019103527069092
1.3473613262176514
0.9928433895111084
0.26507067680358887
0.770596981048584
1.0736308097839355
1.0604274272918701
1.0949311256408691
1.099682331085205
0.9885268211364746
1.026534080505371
0.9738037586212158
0.8703908920288086
1.0236353874206543
0.9882011413574219
0.8265242576599121
0.7994844913482666
0.6908190250396729
1.054788589477539
0.9869699478149414
1.3493432998657227
0.9296128749847412
0.21963095664978027
0.6204476356506348
1.0881707668304443
1.000018835067749
0.909273624420166
0.9793596267700195
0.9726507663726807
1.1313600540161133
0.9892568588256836
0.156846284866333
0.6601300239562988
1.2215816974639893
0.9919395446777344
0.18309855461120605
0.8778729438781738
0.9699692726135254
0.7258591651916504
0.8866069316864014
1.084439754486084
1.2337734699249268
0.9849894046783447
0.17723536491394043
0.6415138244628906
1.0921692848205566
1.1475887298583984
1.0624876022338867
0.77933669090271
1.0171160697937012
1.1278648376464844
1.1627039909362793
1.0971243381500244
0.17371392250061035
0.7801535129547119
0.9532749652862549
1.0489723682403564
0.9612586498260498
1.1258013248443604
0.9520232677459717
0.9333293437957764
0.9942409992218018
1.321023941040039
0.9680814743041992
0.20275473594665527
0.9422569274902344
1.1279466152191162
0.8220486640930176
0.12386441230773926
1.0264570713043213
0.9802300930023193
0.9834201335906982
1.0438687801361084
0.7745552062988281
0.6579792499542236
1.0112888813018799
0.8879215717315674
0.9884004592895508
0.8031039237976074
1.2649667263031006
0.9941251277923584
0.20283174514770508
0.6601147651672363
0.8639700412750244
0.7946743965148926
0.7774035930633545
1.1303117275238037
1.03080415725708
0.662109375
0.8371031284332275
1.0610997676849365
1.0062623023986816
1.1277451515197754
1.1734495162963867
0.818873405456543
0.1337442398071289
0.7993416786193848
0.9811246395111084
1.3597733974456787
0.9265892505645752
0.1997520923614502
0.6686997413635254
0.959174633026123
1.0348515510559082
0.9808197021484375
0.9913716316223145
0.9544005393981934
1.0767581462860107
0.9764931201934814
0.8750689029693604
0.7445826530456543
0.8628146648406982
1.0367717742919922
0.801095724105835
1.4156346321105957
1.0534558296203613
0.2579340934753418
0.6995861530303955
0.8361153602600098
0.9155416488647461
0.9218482971191406
1.065868854522705
1.033996343612671
1.2555608749389648
1.0858967304229736
0.18663239479064941
0.7619845867156982
1.001725196838379
0.7387635707855225
0.8095300197601318
1.3612325191497803
0.910245418548584
0.20979094505310059
0.7680811882019043
0.9994678497314453
0.841393232345581
0.6843404769897461
1.2679307460784912
0.6428742408752441
0.1913433074951172
0.6856138706207275
0.9118645191192627
0.8173279762268066
0.6722712516784668
1.253401756286621
1.045243740081787
0.17648839950561523
1.042923927307129
0.9638495445251465
0.17395329475402832
0.7967162132263184
1.1364037990570068
0.8926079273223877
1.105971097946167
0.9391894340515137
1.0070359706878662
1.0412471294403076
0.8020787239074707
0.9323441982269287
0.9214925765991211
1.0012004375457764
1.006631851196289
0.9567902088165283
1.0139918327331543
1.3415570259094238
0.9508733749389648
0.13941049575805664
0.8469517230987549
1.1049203872680664
1.244084358215332
0.9371182918548584
0.1566619873046875
0.612468957901001
0.8751983642578125
0.7068161964416504
0.9815323352813721
0.9080817699432373
0.8687961101531982
1.0335369110107422
1.1386542320251465
1.1068134307861328
1.0785894393920898
0.8280391693115234
0.7886252403259277
0.8637583255767822
0.8649036884307861
1.0242061614990234
1.023460865020752
0.5079710483551025
1.0707998275756836
1.187943696975708
0.16108393669128418
0.7107629776000977
0.13668346405029297
1.092622995376587
1.1816554069519043
0.1662158966064453
0.908315896987915
0.1696152687072754
0.7882900238037109
0.7043356895446777
1.174056053161621
0.9077632427215576
0.15428924560546875
0.8047325611114502
1.1193196773529053
1.0941746234893799
0.9548687934875488
0.7955918312072754
1.4071781635284424
0.9536604881286621
0.22121548652648926
0.8706319332122803
0.9336695671081543
0.16812467575073242
0.9226043224334717
1.1412410736083984
0.8973298072814941
1.0212161540985107
0.923335075378418
0.9767210483551025
1.1292712688446045
1.0966792106628418
0.786736249923706
0.822235107421875
0.95218825340271
1.0519793033599854
0.758652925491333
1.0095157623291016
1.3210062980651855
1.07259202003479
0.20120477676391602
0.8467998504638672
0.9632976055145264
0.8942017555236816
0.829322099685669
0.7702963352203369
0.886854887008667
0.5269956588745117
0.8206815719604492
0.9024322032928467
1.254267930984497
1.1236538887023926
0.17348575592041016
0.7754454612731934
0.9498574733734131
1.1744155883789062
1.1269893646240234
0.16079139709472656
0.732032060623169
1.1675398349761963
0.8785498142242432
0.15100789070129395
0.9597513675689697
1.0664541721343994
1.199131727218628
1.2745966911315918
0.16379117965698242
0.8485710620880127
0.17074918746948242
0.6398766040802002
0.7652018070220947
1.0060911178588867
1.0806260108947754
0.9433743953704834
1.1435420513153076
0.852912187576294
0.12903380393981934
0.6319160461425781
1.0426292419433594
0.8327476978302002
0.9838147163391113
0.989426851272583
1.1006169319152832
1.0625989437103271
1.125800371170044
1.00996732711792
0.15726852416992188
0.7862415313720703
0.9724504947662354
0.9482204914093018
1.1251659393310547
0.8894779682159424
0.16136598587036133
0.8537285327911377
0.9283392429351807
0.8646738529205322
0.9234199523925781
0.7856283187866211
0.8769116401672363
0.9384937286376953
1.0121397972106934
1.1265475749969482
0.8451557159423828
0.993488073348999
1.0898797512054443
0.8707983493804932
0.9998793601989746
1.1241869926452637
0.8681068420410156
1.2050917148590088
1.155503511428833
0.16963934898376465
1.002182960510254
0.16039633750915527
0.8166201114654541
0.15494179725646973
0.662177324295044
0.9607207775115967
1.0306921005249023
0.7769813537597656
0.7036850452423096
1.0601303577423096
1.1697473526000977
0.8366184234619141
0.15770387649536133
0.7341992855072021
0.9746239185333252
0.8443984985351562
0.9839076995849609
0.7715134620666504
1.143584966659546
0.9111921787261963
0.1555006504058838
0.8722846508026123
0.8432824611663818
0.950268030166626
0.8472764492034912
0.9668881893157959
1.175492286682129
1.0186960697174072
0.16766810417175293
0.7859325408935547
1.0346386432647705
1.0855605602264404
0.8369934558868408
0.7774374485015869
1.066511869430542
0.6448218822479248
1.1064598560333252
1.0271728038787842
0.1617438793182373
1.0873188972473145
1.048898696899414
0.16865205764770508
1.0152201652526855
1.0430545806884766
0.12003326416015625
0.8604617118835449
0.9127225875854492
0.9483003616333008
0.9191014766693115
0.8083117008209229
1.2500998973846436
1.2172996997833252
0.20320844650268555
0.7964727878570557
0.8200607299804688
0.9429314136505127
1.0593092441558838
1.23637056350708
0.9538540840148926
0.17858028411865234
0.9683878421783447
0.8682756423950195
0.12583208084106445
0.6436786651611328
1.0027263164520264
1.1359856128692627
1.008547067642212
0.1609208583831787
0.8422844409942627
1.0532824993133545
1.1049656867980957
0.9411113262176514
1.446953535079956
1.381300449371338
0.22463011741638184
0.7717337608337402
0.21022439002990723
0.641209602355957
1.0932655334472656
1.0635437965393066
0.7747750282287598
1.1580839157104492
0.9269585609436035
0.16907668113708496
0.8118956089019775
0.4785299301147461
1.0894644260406494
1.0998916625976562
0.11703324317932129
0.7344439029693604
0.12070536613464355
0.9396255016326904
0.7956047058105469
1.0277986526489258
1.0252087116241455
0.9192512035369873
0.9792375564575195
0.8368756771087646
0.9629106521606445
0.9803235530853271
0.8105695247650146
1.0623440742492676
1.0154542922973633
1.0584988594055176
0.9547488689422607
0.7973425388336182
1.1150949001312256
1.094374656677246
1.1746394634246826
0.8449368476867676
0.12692809104919434
0.8992927074432373
0.8146018981933594
0.7466464042663574
1.0281386375427246
0.7831175327301025
0.9788634777069092
0.9553003311157227
1.1291730403900146
1.2543458938598633
0.9878065586090088
0.16860699653625488
0.5977115631103516
1.1406383514404297
1.1080513000488281
0.9109346866607666
0.9604778289794922
0.8645832538604736
0.9140639305114746
0.843341588973999
1.1618311405181885
1.2707693576812744
0.17264318466186523
0.7147097587585449
0.12374138832092285
0.24204301834106445
0.9425337314605713
1.1696898937225342
0.9372262954711914
1.0036308765411377
0.7911269664764404
1.0639920234680176
0.9560935497283936
1.0431454181671143
1.0264246463775635
1.1649086475372314
1.0558757781982422
0.8504557609558105
0.8097715377807617
0.8465383052825928
1.0089211463928223
1.1913418769836426
0.9254860877990723
0.1643061637878418
0.7614333629608154
1.1365034580230713
1.0098233222961426
0.15830445289611816
0.7323269844055176
1.130051612854004
0.9916427135467529
0.8817119598388672
0.7890784740447998
1.136305332183838
1.0359957218170166
0.16148614883422852
0.6883976459503174
1.0244081020355225
1.1244401931762695
0.8540282249450684
0.9285426139831543
0.8674893379211426
0.8401284217834473
1.050874948501587
1.1126039028167725
0.9746713638305664
1.0565922260284424
0.7867772579193115
1.1921000480651855
1.047027587890625
0.16768789291381836
0.7193717956542969
1.1557669639587402
1.2285163402557373
0.8388099670410156
0.1763160228729248
0.3407468795776367
1.0099804401397705
1.061018943786621
0.8601531982421875
0.8969550132751465
0.9187541007995605
0.9265017509460449
1.0343291759490967
1.005509853363037
0.8150670528411865
1.0644090175628662
0.9819064140319824
0.86305832862854
0.7704861164093018
0.7945027351379395
1.0152976512908936
1.0807969570159912
0.9853532314300537
0.9003911018371582
1.0739343166351318
1.055715560913086
0.18118572235107422
0.5835251808166504
0.8926374912261963
0.9376790523529053
1.096100091934204
0.9215717315673828
0.9414000511169434
0.9980733394622803
1.0214478969573975
1.2532002925872803
0.9132754802703857
0.13527369499206543
0.666635274887085
0.7485475540161133
0.9486746788024902
0.8272285461425781
0.9256024360656738
0.9908926486968994
1.1319851875305176
1.1844897270202637
0.1700286865234375
0.6608531475067139
0.9266300201416016
1.033686637878418
1.4161450862884521
0.9490973949432373
0.2648007869720459
0.9423608779907227
0.5676724910736084
0.14072704315185547
0.7789270877838135
0.8036203384399414
0.9087114334106445
1.1261627674102783
0.9197077751159668
0.16019392013549805
0.9670894145965576
1.1227195262908936
0.1639716625213623
0.9104537963867188
0.17741870880126953
0.991039514541626
1.0717658996582031
0.16490697860717773
0.7051377296447754
0.8738391399383545
0.7613801956176758
0.9342553615570068
1.2540109157562256
1.083005428314209
0.16932106018066406
0.7118637561798096
1.0438518524169922
0.9588572978973389
0.9694557189941406
0.8979158401489258
1.1184298992156982
1.1674554347991943
0.8308181762695312
0.8852858543395996
0.767763614654541
1.1349167823791504
1.0253143310546875
1.1050829887390137
1.089731216430664
1.1873128414154053
0.1845383644104004
0.9648957252502441
1.0868971347808838
0.8892176151275635
1.1093003749847412
0.9807984828948975
0.7730214595794678
0.9675471782684326
0.9115028381347656
1.0767958164215088
0.984727144241333
1.3463144302368164
0.7172510623931885
0.20270347595214844
0.6943624019622803
0.9419407844543457
1.1381361484527588
0.9522190093994141
0.16077017784118652
1.0920464992523193
0.8173255920410156
0.1896042823791504
1.1102700233459473
0.8901605606079102
0.1670215129852295
0.45986199378967285
1.1779811382293701
1.0421123504638672
0.1218726634979248
1.014279842376709
0.997746467590332
0.15189766883850098
0.6940357685089111
1.009425401687622
1.0207412242889404
1.0918924808502197
0.8337044715881348
0.9801006317138672
1.0297019481658936
0.8101582527160645
0.9838781356811523
1.2391433715820312
0.9243910312652588
0.15863466262817383
0.597602128982544
1.1798324584960938
0.8525130748748779
0.8622760772705078
0.9320218563079834
1.0517547130584717
0.9741392135620117
1.1849737167358398
0.8472990989685059
0.9768102169036865
1.0285816192626953
0.862666130065918
1.0358772277832031
0.8212189674377441
0.8321578502655029
0.8937788009643555
1.0937590599060059
0.8420188426971436
0.6646831035614014
0.8016939163208008
1.3937604427337646
0.8303077220916748
0.19550395011901855
0.7784817218780518
0.9971110820770264
0.8108386993408203
0.9829037189483643
1.2173399925231934
0.9577255249023438
0.1804511547088623
0.8436930179595947
1.07908034324646
1.2292954921722412
1.0659277439117432
0.16979193687438965
0.7570877075195312
1.1586015224456787
1.1957905292510986
1.125124216079712
1.0146543979644775
0.15103864669799805
0.9021115303039551
0.9428448677062988
0.9918768405914307
1.2342407703399658
1.0807747840881348
0.16251611709594727
0.618523120880127
0.8750190734863281
0.810809850692749
0.8658864498138428
1.0294723510742188
0.8787181377410889
0.17248892784118652
0.6428432464599609
0.9908840656280518
1.3616917133331299
1.033491611480713
0.2527763843536377
0.577239990234375
0.9641780853271484
0.9632706642150879
1.0933518409729004
0.8316330909729004
0.9837391376495361
0.9930989742279053
0.868480920791626
1.1939094066619873
0.5899736881256104
0.1705796718597412
0.8751003742218018
0.8654305934906006
1.441742181777954
0.9142482280731201
0.273895263671875
0.6850340366363525
1.0649516582489014
1.0383758544921875
0.8938882350921631
0.9010295867919922
0.9715180397033691
0.8393807411193848
0.869356632232666
0.834855318069458
0.7271685600280762
0.9833779335021973
0.9599483013153076
0.9507040977478027
0.9900679588317871
1.0037193298339844
0.9690396785736084
1.0093765258789062
0.9851481914520264
1.1927268505096436
0.9318480491638184
0.16521048545837402
1.0277493000030518
0.962116003036499
0.17169952392578125
0.9050910472869873
1.039125919342041
0.9009068012237549
1.0734038352966309
0.9316494464874268
0.8564164638519287
1.2589924335479736
1.0297517776489258
0.20003080368041992
0.7990353107452393
1.3211252689361572
0.9407715797424316
0.18943262100219727
0.6626877784729004
1.0185351371765137
0.9329745769500732
0.9260764122009277
1.2309205532073975
1.341036081314087
0.5639388561248779
0.2041938304901123
0.6566050052642822
0.9401135444641113
1.113100290298462
0.8405261039733887
0.12913298606872559
0.8265259265899658
0.9887816905975342
0.7420148849487305
0.7332539558410645
0.8021118640899658
0.7615201473236084
1.1374001502990723
1.251164197921753
0.11951780319213867
1.0285611152648926
0.19887161254882812
0.6832213401794434
0.8784172534942627
0.927933931350708
0.944998025894165
1.1700916290283203
1.159255027770996
0.161757230758667
0.6371572017669678
0.996082067489624
1.2373385429382324
1.4040625095367432
0.15411162376403809
0.7718613147735596
0.2512383460998535
0.9336225986480713
0.9403576850891113
0.1736149787902832
0.9640309810638428
0.8700661659240723
0.1331477165222168
1.094022274017334
1.1080329418182373
0.17633891105651855
0.9544491767883301
1.1280052661895752
1.1094799041748047
0.850287914276123
0.8777821063995361
0.8130195140838623
1.0797102451324463
0.929384708404541
0.8278391361236572
0.5543062686920166
1.0571815967559814
1.1641638278961182
1.1447370052337646
0.1652977466583252
0.7753374576568604
0.9090993404388428
0.7850430011749268
0.9207966327667236
1.1639964580535889
1.0480213165283203
0.16930055618286133
0.6875824928283691
0.804058313369751
1.0112707614898682
1.1001765727996826
1.0161199569702148
1.210899829864502
0.8243720531463623
0.9542529582977295
0.8732073307037354
0.9522676467895508
0.8039917945861816
0.9368326663970947
0.7899169921875
1.1016929149627686
0.8403213024139404
0.9115498065948486
0.8048574924468994
1.1984169483184814
1.0372822284698486
1.002037525177002
1.0542519092559814
0.919262170791626
1.137598991394043
1.023698329925537
0.8486053943634033
0.9202432632446289
0.9699747562408447
1.1605427265167236
1.1085002422332764
0.16674375534057617
0.9146814346313477
1.022230863571167
1.0391206741333008
1.067450761795044
0.8530075550079346
1.1470897197723389
0.9025149345397949
0.1286463737487793
0.38900184631347656
0.8399515151977539
0.7947471141815186
0.9472017288208008
0.8248772621154785
1.0836756229400635
0.8850529193878174
0.9129724502563477
0.9528114795684814
0.9493741989135742
0.9771254062652588
1.3725082874298096
0.8341324329376221
0.18958234786987305
0.9167189598083496
0.76395583152771
0.15322494506835938
0.5774877071380615
0.9794743061065674
0.963782787322998
0.9612147808074951
0.9590492248535156
0.8955633640289307
1.2090132236480713
1.1451330184936523
0.16586041450500488
0.782167911529541
1.0221128463745117
1.4029872417449951
1.036651849746704
0.21338176727294922
0.6638529300689697
0.9918465614318848
0.7774782180786133
1.148453712463379
1.1245362758636475
1.030186653137207
1.0303049087524414
1.0572760105133057
1.072009563446045
0.9471790790557861
1.0032274723052979
0.9652657508850098
1.330524206161499
1.116454839706421
0.20669984817504883
0.9922292232513428
1.1222856044769287
0.1572120189666748
0.7400434017181396
0.49080824851989746
0.6539731025695801
0.8720953464508057
1.0702965259552002
1.1056270599365234
1.1397149562835693
0.1541142463684082
1.2132887840270996
0.9853007793426514
0.24106431007385254
0.8877618312835693
1.1619956493377686
0.898273229598999
0.8145537376403809
1.203916311264038
1.3067851066589355
0.13443636894226074
0.7849111557006836
0.2554965019226074
0.8492586612701416
0.925407886505127
0.8443589210510254
0.841022253036499
0.7360846996307373
1.2599313259124756
0.9470834732055664
0.2568626403808594
0.7196140289306641
0.9533946514129639
0.7924168109893799
1.160210132598877
0.969916820526123
0.17002606391906738
0.9549703598022461
0.8136117458343506
0.875391960144043
1.2429277896881104
1.2956736087799072
0.17685890197753906
0.8912928104400635
0.1646099090576172
0.9853713512420654
1.137239933013916
0.16226553916931152
0.8155839443206787
1.1273009777069092
0.9653966426849365
1.1945624351501465
1.4942727088928223
0.1565706729888916
0.5977587699890137
0.23082780838012695
0.7744972705841064
1.0045056343078613
0.8277597427368164
1.1545042991638184
0.8943533897399902
0.12560153007507324
0.8348944187164307
0.8102681636810303
1.0022687911987305
0.7866795063018799
1.22056245803833
0.9539861679077148
0.13649559020996094
0.8175966739654541
0.7875349521636963
0.9305706024169922
1.094024896621704
0.9123897552490234
0.16240310668945312
0.6750888824462891
0.8939635753631592
0.9416706562042236
0.8087790012359619
0.9127774238586426
0.9599125385284424
1.164797306060791
1.0471041202545166
0.15803289413452148
0.6921093463897705
0.9981186389923096
0.9303975105285645
0.19915080070495605
0.920551061630249
1.0810039043426514
1.0310206413269043
1.1707992553710938
1.2795603275299072
0.16172552108764648
0.7868387699127197
0.18319296836853027
0.8294367790222168
1.0096626281738281
0.8079373836517334
0.7714006900787354
1.3468921184539795
1.2275969982147217
0.26170825958251953
0.660020112991333
0.17762374877929688
0.35523390769958496
0.9188492298126221
0.8652441501617432
1.1834650039672852
0.8962762355804443
0.16829991340637207
0.6625142097473145
0.9175267219543457
1.1859049797058105
0.8872983455657959
0.13517498970031738
0.8106393814086914
0.9940531253814697
1.2332379817962646
1.1354475021362305
0.16150140762329102
0.9623651504516602
1.16310715675354
0.9247751235961914
1.0490684509277344
1.0655252933502197
0.9855270385742188
0.9601039886474609
1.0329763889312744
0.8737759590148926
0.8446576595306396
0.8907794952392578
1.0667047500610352
1.0548272132873535
0.9316024780273438
0.7903501987457275
0.8952209949493408
1.0357263088226318
0.9164533615112305
0.9606106281280518
0.8774223327636719
0.7922894954681396
0.8159644603729248
1.0805740356445312
1.0407586097717285
1.023108720779419
1.1870696544647217
1.0604870319366455
0.15924525260925293
0.8208291530609131
0.9248130321502686
0.9249353408813477
0.7611885070800781
1.192476749420166
0.5897862911224365
0.16576147079467773
1.0519661903381348
1.119577407836914
0.1742236614227295
0.7869977951049805
0.9406893253326416
0.9730541706085205
1.0043914318084717
0.8003849983215332
1.1351518630981445
0.9423952102661133
0.15918588638305664
0.891446590423584
1.1372380256652832
0.9399535655975342
0.1346743106842041
0.6824114322662354
1.02213454246521
0.9645676612854004
1.3133938312530518
0.9676897525787354
0.2550632953643799
0.9103188514709473
1.0131711959838867
0.1620490550994873
0.968259334564209
0.7996752262115479
0.9928038120269775
1.1558988094329834
0.9308981895446777
1.1680922508239746
0.932948112487793
0.16457509994506836
0.78623366355896
1.1290862560272217
0.876415491104126
0.1670551300048828
0.8496036529541016
0.8014543056488037
1.1186630725860596
1.0102300643920898
0.16199111938476562
0.9798288345336914
0.9089250564575195
0.15783381462097168
0.7687051296234131
0.9602432250976562
1.0785014629364014
0.8865058422088623
0.8015646934509277
0.911400556564331
0.14600181579589844
0.6374216079711914
0.8184158802032471
1.3389389514923096
0.9746096134185791
0.18253612518310547
0.71913743019104
1.1626839637756348
1.1491882801055908
0.897214412689209
0.12457036972045898
0.6238784790039062
0.7298457622528076
0.8757100105285645
0.9138710498809814
0.8588137626647949
0.9033548831939697
1.1727957725524902
0.9600656032562256
0.12494468688964844
1.028282880783081
1.0271737575531006
1.1134355068206787
0.8894929885864258
0.9653615951538086
0.7386837005615234
0.9506642818450928
0.8507137298583984
0.8323345184326172
1.084439754486084
1.0449309349060059
0.9584929943084717
0.8763349056243896
0.9876153469085693
0.8940048217773438
1.02272367477417
1.016814947128296
0.8575494289398193
1.0910592079162598
0.8697175979614258
0.7703709602355957
1.207930088043213
1.1335439682006836
0.15257906913757324
0.8925526142120361
1.177905559539795
0.8508470058441162
0.16618680953979492
0.8037717342376709
0.9604964256286621
0.18426203727722168
0.7324182987213135
0.8977062702178955
1.1491594314575195
0.9164345264434814
0.11760687828063965
0.8440060615539551
0.9654486179351807
1.1534414291381836
1.0408923625946045
0.11788272857666016
1.0808093547821045
1.0393548011779785
0.1562352180480957
0.8068761825561523
0.951615571975708
1.1572258472442627
1.1468021869659424
0.15807056427001953
1.2505810260772705
0.15364742279052734
0.9339163303375244
0.24924802780151367
0.8883001804351807
0.9407534599304199
0.15660333633422852
0.7099783420562744
0.9551990032196045
0.8273799419403076
0.9669384956359863
1.0095369815826416
0.9850518703460693
0.9766054153442383
0.9078075885772705
0.9754278659820557
1.1547260284423828
1.1267025470733643
0.15950536727905273
0.8602166175842285
0.1568751335144043
0.834385871887207
0.9028573036193848
0.9867417812347412
1.3809924125671387
1.2117063999176025
0.2718822956085205
0.6838977336883545
0.15903544425964355
0.32924652099609375
0.9844932556152344
1.1103997230529785
0.9330005645751953
1.3843543529510498
1.0262041091918945
0.2064664363861084
0.7504239082336426
1.0865414142608643
0.8198349475860596
0.8673768043518066
0.7522239685058594
1.3364031314849854
1.0937588214874268
0.20901942253112793
0.5775249004364014
0.8179547786712646
0.9868381023406982
1.0048420429229736
0.9547693729400635
1.0260791778564453
1.1392831802368164
1.1214239597320557
0.8987560272216797
0.8106639385223389
1.046675682067871
0.9980692863464355
1.1506774425506592
0.9347591400146484
1.0018577575683594
1.1836395263671875
0.8535418510437012
0.12809228897094727
0.519118070602417
0.6896791458129883
0.8413481712341309
1.056936502456665
1.0527880191802979
0.18018770217895508
0.7358639240264893
0.9120004177093506
1.075732946395874
0.9996528625488281
0.8694777488708496
1.0468616485595703
0.7900781631469727
1.317190170288086
0.8410789966583252
0.19994354248046875
0.9229352474212646
0.6676013469696045
0.16011977195739746
0.9928202629089355
0.831089973449707
0.7644569873809814
1.0946071147918701
0.8739414215087891
0.6848206520080566
1.031348705291748
1.1531355381011963
1.223780632019043
0.15396714210510254
0.7402224540710449
0.15238523483276367
0.7456462383270264
1.170410394668579
1.2049617767333984
0.16860628128051758
1.0718426704406738
0.9378023147583008
0.16559267044067383
0.7423343658447266
0.9353001117706299
1.180868148803711
1.1535155773162842
0.170335054397583
0.8034210205078125
0.8312873840332031
1.1966478824615479
0.9493401050567627
0.17196345329284668
0.8944225311279297
0.955390453338623
0.964618444442749
1.1034789085388184
0.8271100521087646
0.9743485450744629
1.0665154457092285
1.0286924839019775
0.802440881729126
0.8650381565093994
0.9684040546417236
1.115196704864502
0.9070169925689697
0.17467069625854492
1.2374413013458252
1.2004773616790771
0.20525884628295898
0.7927420139312744
1.0486228466033936
0.5793728828430176
0.9696352481842041
0.9887981414794922
1.1635608673095703
1.0311191082000732
0.16597938537597656
0.6906247138977051
1.1788513660430908
0.879995584487915
0.9219920635223389
1.1964936256408691
0.9860076904296875
0.16823577880859375
1.0529308319091797
0.97745680809021
0.16167545318603516
1.2538111209869385
0.8858110904693604
0.21365571022033691
0.9361300468444824
1.0297610759735107
0.8320269584655762
0.9228925704956055
0.9218261241912842
1.0620136260986328
0.8861162662506104
0.8107116222381592
1.0070247650146484
1.149503231048584
1.2124569416046143
0.9975347518920898
0.16190314292907715
0.8975589275360107
0.970940113067627
0.17398595809936523
0.7494516372680664
1.0326008796691895
0.8440732955932617
0.9248971939086914
0.7725942134857178
0.9721248149871826
0.8723130226135254
0.9278590679168701
1.1215620040893555
0.9615192413330078
1.06937837600708
0.9262101650238037
0.8083455562591553
0.8978540897369385
1.1421940326690674
0.5424890518188477
1.1436271667480469
1.0734975337982178
1.106074333190918
0.8691020011901855
1.0550556182861328
0.9526968002319336
0.8609435558319092
0.9395473003387451
0.9998466968536377
1.1457419395446777
1.2100093364715576
1.141728162765503
0.9374632835388184
0.9485306739807129
0.9734408855438232
0.9957294464111328
0.9216475486755371
0.8346593379974365
1.1362345218658447
0.8898801803588867
1.0516960620880127
0.8135650157928467
1.0076687335968018
0.8792469501495361
1.047942876815796
1.2327096462249756
0.8651187419891357
0.17924094200134277
0.7289834022521973
0.9249532222747803
0.8933448791503906
1.2355244159698486
1.105250358581543
0.16880440711975098
0.6699624061584473
0.7624204158782959
1.1874032020568848
1.4073152542114258
0.16567611694335938
0.8097202777862549
0.22417426109313965
0.7609069347381592
0.956618070602417
0.9951436519622803
1.1558916568756104
1.069523811340332
0.16678571701049805
0.6683993339538574
0.9454765319824219
0.5014791488647461
0.8042416572570801
1.2296829223632812
0.8718812465667725
0.1374659538269043
0.7550740242004395
0.8353085517883301
0.9471876621246338
1.0262384414672852
0.17089056968688965
0.8348281383514404
0.9460363388061523
0.9603617191314697
0.9103000164031982
0.7657856941223145
0.7110886573791504
0.8354325294494629
0.9102516174316406
0.9424777030944824
1.0447921752929688
1.0551321506500244
1.0057897567749023
1.3957514762878418
1.131882667541504
0.22457051277160645
0.720757246017456
1.0446867942810059
0.7362215518951416
0.913860559463501
0.902620792388916
1.176924705505371
1.1522626876831055
0.16793608665466309
0.6557197570800781
0.12729239463806152
0.7607555389404297
1.0714898109436035
1.1831459999084473
0.955657958984375
0.16176509857177734
0.808525800704956
0.9223213195800781
1.015540361404419
0.9267067909240723
1.0159657001495361
1.0412027835845947
1.0765819549560547
0.8111727237701416
1.3533878326416016
0.8562040328979492
0.21681857109069824
0.4126400947570801
0.7764413356781006
0.8215255737304688
0.9774682521820068
0.8675990104675293
1.0230894088745117
0.9863686561584473
1.120046615600586
1.3038091659545898
0.981389045715332
0.17623543739318848
0.7302782535552979
0.8262424468994141
0.8061721324920654
1.1446266174316406
0.9311754703521729
1.002415657043457
1.095719337463379
0.850658655166626
0.12598061561584473
0.9858920574188232
1.0851600170135498
0.1636521816253662
0.8887925148010254
0.9470672607421875
1.1331219673156738
0.9127781391143799
0.1647179126739502
0.7276852130889893
0.9566004276275635
1.0543739795684814
1.1138710975646973
1.0411746501922607
0.8134183883666992
1.1260907649993896
0.9928398132324219
0.16014623641967773
0.7896556854248047
1.0575852394104004
0.761260986328125
0.9305801391601562
0.9581236839294434
1.0115704536437988
0.9071292877197266
1.0611026287078857
0.8489854335784912
0.9189486503601074
0.7942652702331543
0.9756133556365967
0.9076747894287109
1.1916460990905762
0.2529325485229492
0.5792200565338135
0.12216806411743164
1.0577723979949951
1.004546880722046
0.17354297637939453
0.7770779132843018
0.9618093967437744
0.879671573638916
1.163038730621338
0.8263802528381348
0.9496257305145264
1.0044476985931396
1.3745217323303223
0.9806537628173828
0.2767765522003174
0.7945294380187988
0.7997355461120605
1.1614558696746826
1.0771534442901611
1.0529658794403076
1.073305606842041
0.9444866180419922
0.8730430603027344
0.7588858604431152
1.0876691341400146
0.9071037769317627
0.7364935874938965
1.0886645317077637
0.9393479824066162
0.1612236499786377
0.596238374710083
0.8057982921600342
1.2165756225585938
0.8599481582641602
0.1374964714050293
0.6928019523620605
0.9118449687957764
0.9520559310913086
0.843515157699585
1.1431727409362793
0.8055741786956787
0.15404152870178223
0.6113381385803223
0.673898458480835
1.7836477756500244
0.2589113712310791
0.758821964263916
0.8299827575683594
1.1812191009521484
0.9208123683929443
0.9169297218322754
0.9671421051025391
0.9369568824768066
1.0164732933044434
1.1309616565704346
0.8967463970184326
0.1215970516204834
0.751772403717041
0.958592414855957
1.0164868831634521
1.0956642627716064
1.184783935546875
0.9158670902252197
0.15960264205932617
0.8415911197662354
0.9904444217681885
0.7486405372619629
1.2372658252716064
0.9258220195770264
0.21890521049499512
0.7032713890075684
1.1020727157592773
1.3998939990997314
1.0553600788116455
0.21890664100646973
0.7650923728942871
0.9841160774230957
1.0936014652252197
0.8446977138519287
0.8960380554199219
1.1535029411315918
1.19929838180542
0.11905813217163086
0.9298954010009766
0.1613903045654297
1.2110061645507812
0.990797758102417
0.1866893768310547
0.7893378734588623
0.7031950950622559
1.2399330139160156
0.9473888874053955
0.18757081031799316
0.6178572177886963
0.892479419708252
1.1399545669555664
1.1907236576080322
0.563535213470459
0.16279149055480957
0.7483961582183838
1.0265223979949951
0.805983304977417
1.011279582977295
1.1560423374176025
0.9602339267730713
1.093526840209961
1.0541307926177979
0.7825262546539307
0.7812249660491943
0.7876443862915039
0.8131604194641113
1.0898933410644531
0.9644632339477539
1.0573410987854004
1.3852531909942627
0.8373613357543945
0.20076751708984375
0.504248857498169
0.7598168849945068
1.040083408355713
0.9683256149291992
1.1829876899719238
1.1530241966247559
0.11890482902526855
1.0685453414916992
0.16004610061645508
0.721519947052002
1.098224401473999
0.9986157417297363
0.9380850791931152
1.1143057346343994
0.9312376976013184
0.9549729824066162
1.0429911613464355
1.0780603885650635
1.0875632762908936
1.0478780269622803
1.3306512832641602
1.0838942527770996
0.2182607650756836
0.7528367042541504
0.920311450958252
1.0507404804229736
0.9954743385314941
0.8888065814971924
1.0260334014892578
1.2139194011688232
0.6382577419281006
0.1723041534423828
0.9912233352661133
1.0955498218536377
1.133296012878418
0.988976001739502
1.2015295028686523
0.9251503944396973
0.16463518142700195
0.7838292121887207
0.9109516143798828
1.095632553100586
1.0068609714508057
0.1591484546661377
1.0305297374725342
0.8296217918395996
0.15992212295532227
0.9935023784637451
1.046217441558838
0.15876460075378418
0.7837698459625244
1.12290358543396
0.8762712478637695
1.0328922271728516
0.8260910511016846
1.0677251815795898
1.0145847797393799
0.16752958297729492
0.5899991989135742
0.822075605392456
0.7712037563323975
1.100414514541626
1.2053749561309814
0.8615057468414307
0.15932607650756836
0.6949515342712402
1.1914587020874023
0.9170701503753662
0.12098407745361328
1.0003383159637451
0.8127717971801758
0.8855352401733398
0.9702208042144775
1.2900707721710205
1.0308480262756348
0.1737513542175293
0.582639217376709
1.0143132209777832
0.9789004325866699
1.076371431350708
0.832939624786377
1.22062349319458
0.15941596031188965
0.819709062576294
0.1791849136352539
0.7770161628723145
1.1789836883544922
1.1001219749450684
0.16474533081054688
0.788825273513794
0.8083138465881348
0.8538296222686768
0.8695089817047119
1.0134696960449219
0.7869491577148438
1.081176996231079
0.8018865585327148
1.0237102508544922
0.8823275566101074
0.7285878658294678
1.0003793239593506
1.1906394958496094
0.9990718364715576
0.1576530933380127
0.60939621925354
0.942767858505249
1.1564676761627197
1.0069973468780518
0.9388542175292969
0.979973316192627
1.1235530376434326
1.1063714027404785
1.0581512451171875
0.9454405307769775
0.7519547939300537
1.016913890838623
0.9176647663116455
1.0774507522583008
1.1977589130401611
0.9096198081970215
0.16228604316711426
0.8631467819213867
1.3586914539337158
0.8173854351043701
0.22388458251953125
0.817122220993042
0.8516569137573242
0.12663531303405762
0.5938191413879395
0.9167988300323486
0.6549625396728516
0.9207828044891357
1.1460621356964111
1.1572563648223877
1.0158519744873047
0.13193202018737793
0.8246595859527588
1.077108383178711
0.9025063514709473
1.0132505893707275
1.1167898178100586
0.9660789966583252
0.9381210803985596
0.749535083770752
1.0587143898010254
1.3531997203826904
1.128737211227417
0.1679363250732422
0.864849328994751
1.1078777313232422
1.2228426933288574
1.2143135070800781
0.16765713691711426
0.8137643337249756
0.18597841262817383
0.7773637771606445
1.077272891998291
0.8850398063659668
0.8751368522644043
0.7711982727050781
0.8733389377593994
0.8224995136260986
1.1025705337524414
0.8737871646881104
1.1326570510864258
1.0144052505493164
0.16358208656311035
0.8406221866607666
1.196901798248291
0.9699907302856445
0.1666710376739502
0.9493255615234375
0.9622986316680908
1.1170258522033691
1.089629888534546
0.8307392597198486
0.7615530490875244
0.9313781261444092
1.1164276599884033
1.3877687454223633
0.5756692886352539
0.20411443710327148
0.6689741611480713
0.8957498073577881
0.9368762969970703
1.1518256664276123
1.02923583984375
0.1623687744140625
0.7428402900695801
1.2451443672180176
1.1171133518218994
0.16573357582092285
0.6911063194274902
1.3750324249267578
1.1198742389678955
0.27613258361816406
0.6923441886901855
1.0760595798492432
1.1230664253234863
1.2038536071777344
1.0447733402252197
0.16238141059875488
0.9715402126312256
1.0315337181091309
0.79427170753479
1.0582973957061768
1.0670967102050781
1.1630852222442627
1.1057977676391602
1.0654723644256592
0.1611926555633545
0.8307371139526367
0.930635929107666
0.7743959426879883
1.0412781238555908
1.0284693241119385
0.9516446590423584
0.8446319103240967
0.934788703918457
0.9091980457305908
1.0236902236938477
0.9383461475372314
0.9126651287078857
1.2103450298309326
0.9438486099243164
0.16123270988464355
0.9992930889129639
1.079345464706421
0.951286792755127
1.009986162185669
0.5847046375274658
0.9328925609588623
0.7710604667663574
1.0556471347808838
1.0210773944854736
0.1478407382965088
0.8616821765899658
0.8477213382720947
0.7121522426605225
0.8710217475891113
1.2350969314575195
1.108719825744629
0.19324254989624023
0.9074497222900391
0.82462477684021
0.8800442218780518
0.7705199718475342
1.3413054943084717
0.9872250556945801
0.20975375175476074
0.8027265071868896
1.3641629219055176
1.130537509918213
0.23549365997314453
0.6559722423553467
0.1538078784942627
0.603806734085083
0.876962423324585
0.9872112274169922
0.9026548862457275
0.9432053565979004
0.8141200542449951
0.8025212287902832
1.0612688064575195
0.8978481292724609
1.2602183818817139
1.0782177448272705
0.175126314163208
0.955174446105957
0.9065778255462646
0.1654186248779297
0.6965186595916748
1.2436978816986084
1.0748240947723389
0.20845937728881836
1.0216548442840576
0.970494270324707
1.0167396068572998
0.7826545238494873
0.8415067195892334
0.607079029083252
1.0629918575286865
1.021921157836914
1.0796482563018799
0.94706130027771
0.9650685787200928
1.146857500076294
0.9544224739074707
0.16588807106018066
0.6827504634857178
0.9583046436309814
0.9423544406890869
0.8995945453643799
1.3615307807922363
0.9082469940185547
0.21221613883972168
0.8662893772125244
0.9341151714324951
0.12158846855163574
0.7114717960357666
0.8507359027862549
1.0699143409729004
0.8519527912139893
1.007901906967163
1.4361333847045898
0.8910107612609863
0.2360830307006836
0.8022723197937012
1.0783324241638184
0.15561366081237793
0.8727738857269287
0.16670465469360352
0.8485598564147949
0.9922914505004883
0.8106133937835693
0.8787314891815186
0.8390495777130127
0.928192138671875
0.8253223896026611
0.969656229019165
1.0183367729187012
0.8308854103088379
1.153559923171997
1.192596197128296
0.1551506519317627
0.9840137958526611
0.1231081485748291
1.1053931713104248
0.16602039337158203
1.329174518585205
0.6368000507354736
0.2664682865142822
0.9828681945800781
0.9765465259552002
0.1806175708770752
0.7646682262420654
1.239490270614624
1.3093528747558594
0.12974095344543457
1.0744647979736328
0.9569785594940186
0.12731218338012695
0.7880640029907227
0.8136484622955322
0.9198570251464844
1.0088579654693604
1.0152482986450195
0.962738037109375
0.9797813892364502
1.2667546272277832
1.0238912105560303
0.19369959831237793
1.0085539817810059
1.0066626071929932
0.9958314895629883
1.0494680404663086
1.0586612224578857
1.2934315204620361
0.9703567028045654
0.18532562255859375
0.7405509948730469
0.8952016830444336
0.8924477100372314
1.2197856903076172
1.227174997329712
1.164520025253296
0.12325072288513184
1.1827833652496338
1.0732715129852295
0.12797188758850098
1.215749979019165
1.1863343715667725
0.20411896705627441
0.9429104328155518
1.1945521831512451
0.898975133895874
0.8988213539123535
1.2321186065673828
1.272200345993042
0.9325628280639648
0.1884622573852539
0.41887640953063965
0.9091601371765137
0.9078829288482666
0.8891253471374512
1.0617198944091797
1.5134291648864746
0.9952282905578613
0.22271990776062012
1.1760632991790771
1.1667118072509766
0.2314763069152832
0.7559628486633301
1.1491634845733643
1.117443561553955
1.3333711624145508
1.1212742328643799
0.18104243278503418
0.910165548324585
0.8831300735473633
0.8675763607025146
1.0489349365234375
1.0086791515350342
1.1329796314239502
1.425267219543457
1.0496220588684082
0.24577021598815918
0.8254766464233398
1.1063206195831299
0.9351792335510254
1.0601654052734375
1.1467382907867432
0.8670079708099365
1.0174217224121094
1.1118779182434082
1.1935927867889404
0.9822771549224854
0.9931449890136719
1.1575877666473389
0.984384298324585
1.0780808925628662
0.978107213973999
1.0026791095733643
0.8217558860778809
1.20161771774292
1.0174989700317383
0.1836531162261963
0.8918411731719971
0.9556572437286377
1.0279972553253174
0.7368862628936768
1.001460313796997
1.1289546489715576
0.9684863090515137
1.075575351715088
0.9022226333618164
1.0338339805603027
0.9752397537231445
1.0234463214874268
0.9519050121307373
1.3137681484222412
0.9368302822113037
0.8909783363342285
1.0390911102294922
0.9528892040252686
1.189877986907959
1.1172735691070557
0.18193387985229492
0.864905834197998
0.9958500862121582
1.1039090156555176
0.9962491989135742
1.0588781833648682
0.8835232257843018
1.1773815155029297
0.9720251560211182
0.13041949272155762
0.7418370246887207
0.9623491764068604
1.039210319519043
1.1460633277893066
1.435035228729248
0.9248523712158203
0.1378781795501709
0.7472810745239258
0.8237030506134033
1.18131422996521
0.9120402336120605
1.0923070907592773
0.9934494495391846
1.0071039199829102
0.9298295974731445
1.050281286239624
1.166689395904541
0.9030628204345703
0.9811074733734131
1.027583122253418
1.010249137878418
0.8498232364654541
1.2861301898956299
0.570918083190918
0.1364755630493164
0.8681681156158447
1.0515704154968262
1.0663349628448486
0.9866855144500732
1.039639949798584
1.1611762046813965
0.879758358001709
0.8416485786437988
1.2375996112823486
0.9880595207214355
0.1277158260345459
1.2549757957458496
1.0419902801513672
0.21316790580749512
0.6048390865325928
1.1121947765350342
1.2130787372589111
0.9419693946838379
1.2117726802825928
1.0487425327301025
0.18131041526794434
0.7941281795501709
1.0288374423980713
0.987943172454834
1.0466740131378174
0.914783239364624
1.09609055519104
0.9204351902008057
1.0381286144256592
1.102468729019165
1.3561670780181885
1.2985107898712158
0.20990657806396484
0.7696194648742676
0.14021563529968262
0.9955878257751465
0.9756076335906982
0.9848246574401855
0.8159284591674805
1.1736745834350586
0.9327218532562256
1.2168211936950684
0.9864122867584229
0.13365983963012695
0.9757030010223389
0.886157751083374
1.0269246101379395
0.9232540130615234
0.5114076137542725
1.1284677982330322
1.2147622108459473
1.167992115020752
1.1511626243591309
0.8807969093322754
1.0911169052124023
1.2092864513397217
1.1084814071655273
1.0653901100158691
1.49234938621521
1.2875826358795166
0.2106468677520752
0.9326024055480957
0.19554591178894043
0.8617002964019775
1.068885326385498
1.253295660018921
0.9665837287902832
0.17799949645996094
0.850924015045166
0.9197642803192139
1.2422380447387695
1.0139057636260986
0.13094115257263184
0.7771036624908447
1.0267438888549805
0.9703061580657959
0.9056689739227295
0.9807157516479492
1.1486012935638428
1.2890288829803467
1.1673083305358887
0.14293122291564941
0.9672434329986572
1.422264814376831
1.3343822956085205
0.21602821350097656
1.0192313194274902
0.18184566497802734
0.6815578937530518
0.8576879501342773
1.1537563800811768
1.3120968341827393
1.252504825592041
0.18257594108581543
0.95174241065979
1.0126628875732422
0.9797029495239258
1.4827651977539062
0.7784886360168457
0.21954870223999023
0.9512736797332764
1.1168787479400635
1.1167900562286377
0.9877018928527832
1.0697863101959229
1.00732421875
1.3974909782409668
1.214797019958496
0.2226872444152832
0.802044153213501
1.1895215511322021
1.4404613971710205
1.0542802810668945
0.18585515022277832
0.6228146553039551
1.1100890636444092
1.0453157424926758
1.1670448780059814
1.1000773906707764
1.2225770950317383
1.116689920425415
0.19238924980163574
0.8463585376739502
1.2325208187103271
0.9348716735839844
0.16620945930480957
0.8294861316680908
1.1835787296295166
0.9951164722442627
0.9594306945800781
0.8520705699920654
1.0553174018859863
1.232102870941162
1.0220015048980713
0.7371227741241455
1.2161424160003662
1.0690956115722656
0.17014384269714355
0.7128255367279053
0.8834996223449707
1.0096046924591064
1.1096527576446533
1.2416460514068604
0.9709455966949463
0.16860651969909668
0.6853344440460205
1.0833775997161865
1.459123134613037
0.6082336902618408
0.19411778450012207
0.6555554866790771
1.129478931427002
1.0336122512817383
0.9885303974151611
1.01358962059021
1.1251826286315918
1.0440335273742676
0.979597806930542
1.0891444683074951
1.055009365081787
1.2737460136413574
1.5309734344482422
0.21426081657409668
0.8423306941986084
0.22958016395568848
0.8996307849884033
1.2937421798706055
1.196688175201416
0.18037986755371094
0.881211519241333
0.1692953109741211
1.1073601245880127
1.0816936492919922
0.13626599311828613
0.8750324249267578
1.0640225410461426
1.0725817680358887
0.878941535949707
1.1338965892791748
0.9412631988525391
0.7852468490600586
0.7853889465332031
1.197364330291748
0.997525691986084
0.17848730087280273
0.8654615879058838
0.9974617958068848
1.4083201885223389
1.1484646797180176
0.21077418327331543
0.9040868282318115
1.074744701385498
1.1162323951721191
1.042360544204712
1.038034439086914
1.4197254180908203
0.9866147041320801
0.220977783203125
0.36716175079345703
0.8752899169921875
0.8864610195159912
0.9787013530731201
0.9802610874176025
1.2396764755249023
1.0934340953826904
0.19790267944335938
1.186976432800293
1.1702754497528076
0.2084035873413086
0.8686659336090088
1.2635691165924072
1.3470988273620605
0.17885112762451172
0.8528103828430176
0.20284247398376465
0.7931327819824219
0.9054548740386963
1.018885612487793
1.0966448783874512
0.8662123680114746
1.0573127269744873
0.9821469783782959
1.1502163410186768
1.063551664352417
0.9160420894622803
0.781761646270752
1.2876224517822266
1.1027119159698486
0.1798696517944336
0.7406206130981445
0.9662206172943115
0.8719234466552734
1.2413389682769775
1.2812471389770508
0.13480305671691895
1.0083000659942627
0.12236690521240234
0.9993250370025635
1.34914231300354
1.1361422538757324
0.2386007308959961
0.7537939548492432
0.8502373695373535
1.0427312850952148
0.9411783218383789
1.263582468032837
1.244626522064209
1.0499494075775146
0.6278953552246094
1.069901704788208
1.0110893249511719
0.8938076496124268
1.21868896484375
1.0861239433288574
0.9267315864562988
0.9505228996276855
0.945397138595581
1.226646900177002
1.4226503372192383
0.15789103507995605
1.226222276687622
0.22052669525146484
1.000901460647583
0.2325906753540039
0.7726938724517822
1.087385654449463
1.2265276908874512
0.9340307712554932
0.16875100135803223
0.664043664932251
1.1977636814117432
1.258638858795166
1.0478549003601074
0.13222932815551758
0.35979771614074707
1.859515905380249
0.2131965160369873
0.9732804298400879
1.1069931983947754
1.090104579925537
1.3213818073272705
1.0906076431274414
0.172804594039917
1.2643003463745117
1.080165147781372
0.19488191604614258
0.8374621868133545
0.9540462493896484
0.6618010997772217
1.2945482730865479
1.0177199840545654
0.18239307403564453
0.7990546226501465
0.86018967628479
1.096808671951294
1.2069265842437744
1.15061616897583
1.1489472389221191
0.8405413627624512
1.002985954284668
0.13213014602661133
0.8205692768096924
1.0553700923919678
1.2310540676116943
0.9147582054138184
0.9631469249725342
1.1587092876434326
1.078312873840332
0.8474957942962646
1.052647590637207
1.1137244701385498
0.9758188724517822
0.905907154083252
0.853832483291626
1.0272741317749023
1.1112232208251953
1.0327000617980957
0.9640371799468994
1.059509515762329
1.1588804721832275
1.6532166004180908
0.15735101699829102
0.8689653873443604
0.2339024543762207
0.5855810642242432
0.8290486335754395
1.0137889385223389
0.7401189804077148
0.6299493312835693
1.0383169651031494
0.8075101375579834
0.20261311531066895
0.7173831462860107
1.0829551219940186
0.8246591091156006
0.1597297191619873
0.4352610111236572
0.8413770198822021
0.6998312473297119
0.5844907760620117
0.7604546546936035
0.9942018985748291
0.871129035949707
1.022930383682251
0.7902255058288574
0.2410130500793457
0.2729027271270752
0.8144276142120361
0.7610654830932617
0.8797969818115234
0.836867094039917
0.1662452220916748
0.7087805271148682
0.8328161239624023
0.810983419418335
0.9422223567962646
0.7964558601379395
0.14026474952697754
0.7061550617218018
0.8512313365936279
1.0647985935211182
0.8356530666351318
0.1520543098449707
0.5012223720550537
0.7538540363311768
1.2800397872924805
0.725595235824585
0.23010683059692383
0.5299572944641113
0.6894083023071289
0.9857630729675293
0.7839694023132324
0.14284229278564453
0.532156229019165
0.8429422378540039
1.077073335647583
0.8545277118682861
0.21573472023010254
0.5909719467163086
0.6526443958282471
0.776064395904541
0.7764620780944824
0.8596920967102051
0.8888297080993652
0.8037409782409668
0.691267728805542
0.8093512058258057
1.0367436408996582
0.8275024890899658
0.1938786506652832
0.583960771560669
0.7382135391235352
0.8654704093933105
1.0140621662139893
0.17710542678833008
0.6767725944519043
0.1739513874053955
0.6460025310516357
0.5407884120941162
0.7686898708343506
0.9503564834594727
1.0218579769134521
0.8056528568267822
0.9214081764221191
0.7082664966583252
1.03792405128479
0.8449695110321045
0.2955355644226074
0.676177978515625
0.752408504486084
0.18996310234069824
0.6800827980041504
0.757328987121582
0.14064598083496094
0.6838290691375732
0.7144384384155273
0.6973352432250977
0.7453038692474365
0.7329380512237549
1.085517168045044
0.8803987503051758
0.19442343711853027
0.7981712818145752
0.9145328998565674
0.1699211597442627
0.6157193183898926
0.9641733169555664
0.7818143367767334
0.14253687858581543
0.6373300552368164
0.6623482704162598
0.7653391361236572
0.7638113498687744
0.9249269962310791
0.6871919631958008
0.5557923316955566
1.0657367706298828
0.7409026622772217
0.24645686149597168
0.3670830726623535
0.666201114654541
0.6244943141937256
0.7019331455230713
0.9714682102203369
0.8457140922546387
1.0091383457183838
0.8075556755065918
0.1748063564300537
0.2724285125732422
0.7986161708831787
0.998878002166748
0.939995288848877
0.16928482055664062
0.7350344657897949
0.9767498970031738
0.8820197582244873
0.1617445945739746
0.734724760055542
0.7277278900146484
0.7272977828979492
0.8696248531341553
0.8635423183441162
0.871565580368042
0.8855137825012207
0.7138586044311523
0.7501945495605469
1.1279852390289307
0.7421870231628418
0.17292404174804688
0.46462440490722656
0.8420486450195312
0.6449484825134277
0.7684834003448486
0.8717434406280518
0.9070048332214355
0.7708168029785156
0.7675473690032959
0.9722404479980469
0.16846466064453125
0.6710293292999268
0.19572162628173828
0.4104123115539551
1.018019199371338
1.2057228088378906
0.9674530029296875
0.18250250816345215
1.1164278984069824
0.99835205078125
0.18703103065490723
0.6353960037231445
1.0542843341827393
0.8694639205932617
1.004807472229004
0.895134687423706
0.8692090511322021
1.065661907196045
0.9689083099365234
1.090421199798584
0.635444164276123
1.204545259475708
1.1738457679748535
1.2647299766540527
1.088080644607544
0.12723159790039062
0.9529886245727539
0.9824988842010498
1.2774295806884766
0.9961333274841309
0.12296271324157715
0.9338216781616211
0.8492786884307861
0.9104392528533936
0.9761159420013428
1.5223095417022705
1.044335126876831
0.2176380157470703
0.6614952087402344
1.0306921005249023
1.1564431190490723
1.1449227333068848
1.1832811832427979
1.1384682655334473
1.063565731048584
1.1983375549316406
1.2414231300354004
0.8131930828094482
0.13298869132995605
1.190610408782959
0.9158484935760498
0.2392745018005371
0.4995291233062744
0.6455128192901611
0.7769584655761719
0.6346232891082764
0.4392106533050537
0.9434568881988525
0.8594961166381836
0.16909193992614746
0.6685943603515625
0.8948333263397217
0.15874767303466797
0.584498405456543
0.7731561660766602
0.7265350818634033
0.8850183486938477
0.7683067321777344
0.8453235626220703
0.7725954055786133
0.188720703125
0.4397006034851074
0.9444067478179932
1.1384062767028809
0.20258069038391113
0.6298081874847412
0.26397156715393066
0.6188709735870361
0.9326019287109375
0.7698864936828613
0.6377859115600586
0.649883508682251
0.8183763027191162
0.8103346824645996
0.6613552570343018
0.971060037612915
0.8308768272399902
0.8444299697875977
0.9754428863525391
0.751131534576416
0.6806423664093018
0.5882394313812256
0.7869555950164795
0.8991270065307617
0.7854385375976562
0.6731750965118408
0.6758852005004883
0.8006484508514404
0.8841745853424072
0.7067770957946777
0.8601353168487549
0.7992727756500244
0.8903093338012695
0.8162868022918701
0.7107951641082764
1.0563490390777588
0.836571216583252
0.26010847091674805
0.5043220520019531
0.8603198528289795
0.920478343963623
0.7529919147491455
0.6958417892456055
0.7937426567077637
0.8765766620635986
0.9198315143585205
0.7838525772094727
0.6081299781799316
0.799534797668457
0.9303944110870361
0.6101961135864258
0.7563085556030273
0.8003554344177246
0.7953062057495117
0.9439361095428467
0.9357936382293701
0.17447328567504883
0.5660450458526611
0.7754461765289307
0.6322739124298096
0.7238214015960693
0.683732271194458
0.7522504329681396
1.283811092376709
0.7906804084777832
0.29728174209594727
0.33252477645874023
0.7645065784454346
0.8588483333587646
0.9709959030151367
0.997075080871582
0.801332950592041
0.14208579063415527
0.5512137413024902
0.9469382762908936
0.7561488151550293
0.17352628707885742
0.5002598762512207
0.7289831638336182
0.7647066116333008
0.7611842155456543
0.9155299663543701
0.9785680770874023
0.7215561866760254
0.7877829074859619
0.9892737865447998
1.202972412109375
0.1758110523223877
0.6857888698577881
0.23091650009155273
0.7069859504699707
0.756732702255249
1.2156195640563965
0.7987930774688721
0.255342960357666
0.5690646171569824
0.7695391178131104
0.7771899700164795
0.8774785995483398
1.0557518005371094
0.6727666854858398
0.779860258102417
0.8530435562133789
0.7339508533477783
0.8656377792358398
0.6775014400482178
0.7567825317382812
0.6393303871154785
1.0325145721435547
0.9763188362121582
0.18082523345947266
1.1267132759094238
0.8184483051300049
0.2278001308441162
0.3387892246246338
0.8917210102081299
0.7519721984863281
0.74908447265625
0.8396291732788086
0.7007172107696533
0.6629211902618408
0.8243227005004883
0.7805390357971191
0.8329377174377441
0.7493433952331543
0.82952880859375
0.8934707641601562
0.7995109558105469
0.8558666706085205
1.266920566558838
1.0330543518066406
0.946810245513916
0.9234943389892578
1.0830357074737549
1.1869206428527832
0.9604949951171875
1.1393957138061523
1.0146167278289795
1.117807388305664
1.2173857688903809
0.9146220684051514
0.1937565803527832
0.9073128700256348
1.0062613487243652
1.2917141914367676
1.0148138999938965
0.18996787071228027
0.9112579822540283
0.918168306350708
1.0264546871185303
0.8260467052459717
1.0352764129638672
1.275416374206543
0.9679467678070068
0.1428072452545166
0.9827921390533447
1.2618353366851807
0.140885591506958
1.126509189605713
0.13330888748168945
0.9467756748199463
1.3210453987121582
1.0835645198822021
0.12337374687194824
0.8775393962860107
0.9054422378540039
1.0572340488433838
1.301051139831543
1.3539159297943115
1.0417256355285645
0.19238066673278809
0.7485167980194092
0.9831976890563965
1.1024656295776367
1.057870864868164
1.0451650619506836
0.9757466316223145
1.157339096069336
1.3366572856903076
0.8873350620269775
0.19588232040405273
0.7251532077789307
0.9733273983001709
0.935312032699585
0.9323103427886963
1.235239028930664
1.0275859832763672
0.1836998462677002
0.7136046886444092
0.8715343475341797
1.0083417892456055
1.0744264125823975
1.117513656616211
1.0458412170410156
1.031740427017212
1.0456030368804932
1.0582761764526367
1.1793742179870605
1.2735154628753662
