3.889514684677124
5.020846843719482
3.2320542335510254
5.852565050125122
3.7856504917144775
2.7898077964782715
6.741991996765137
4.8014421463012695
5.738741159439087
2.9036264419555664
2.9399960041046143
4.938284397125244
4.335946321487427
3.787001848220825
3.497016191482544
3.336158037185669
10.736292839050293
0.19740581512451172
2.71122407913208
2.620410919189453
4.411031484603882
2.971081018447876
5.572803020477295
2.9946649074554443
2.4923014640808105
2.9702978134155273
6.7702248096466064
8.849627494812012
0.15524649620056152
3.6053876876831055
0.5529718399047852
3.2905430793762207
2.6707088947296143
1.7918691635131836
9.754075288772583
0.1926586627960205
3.7770817279815674
2.533778667449951
2.2137396335601807
7.4495038986206055
0.14550495147705078
3.445533037185669
5.770331382751465
2.598792314529419
2.8437063694000244
1.6697633266448975
10.415898084640503
0.16049480438232422
3.408708333969116
2.3576226234436035
4.004071474075317
3.114015579223633
1.6577563285827637
8.734386920928955
0.15915417671203613
3.1705923080444336
3.1425390243530273
6.4776670932769775
10.092223167419434
0.15726852416992188
4.005653142929077
2.3791065216064453
6.556324005126953
2.8575856685638428
3.9621734619140625
5.1703431606292725
5.438228368759155
7.389287710189819
0.14415431022644043
3.8658199310302734
8.18070125579834
0.13208913803100586
4.078419923782349
5.54719090461731
2.9322028160095215
6.539916276931763
3.8093342781066895
2.453737735748291
7.437010288238525
0.13003134727478027
1.59922456741333
5.438354253768921
2.923642635345459
3.73466157913208
7.10399866104126
0.11943602561950684
2.9703831672668457
4.293262958526611
6.021518707275391
2.86183762550354
2.9583141803741455
10.546180725097656
0.16063904762268066
2.5008432865142822
1.7638015747070312
2.825254440307617
2.7849018573760986
3.537808418273926
2.588129997253418
2.458669662475586
4.132779598236084
3.788743019104004
2.5644571781158447
1.674973487854004
3.9541923999786377
2.447343349456787
2.9176597595214844
5.880788326263428
2.455733299255371
3.914262533187866
5.942526817321777
4.662006139755249
2.414188861846924
3.80814266204834
1.5840160846710205
5.5513598918914795
5.75717306137085
3.2341501712799072
2.867570638656616
5.763802528381348
5.917360782623291
1.7134335041046143
3.2847137451171875
7.671218395233154
0.1204979419708252
1.5779407024383545
3.418853759765625
1.4760353565216064
5.753398656845093
5.382854223251343
8.049696922302246
0.1334848403930664
5.900080919265747
4.671789884567261
2.323444366455078
4.365254878997803
5.508011817932129
2.0322062969207764
3.563366174697876
7.110114812850952
1.8463406562805176
6.066089153289795
3.8918588161468506
3.3162782192230225
3.3382930755615234
6.770063877105713
8.135604858398438
0.1306462287902832
1.6402311325073242
8.4991455078125
0.13245439529418945
4.2617340087890625
10.848729133605957
0.16065096855163574
3.644725799560547
5.177302598953247
3.5910422801971436
3.6751255989074707
3.7917442321777344
2.5637199878692627
1.7080740928649902
3.104828357696533
1.9691803455352783
8.44800090789795
0.13187289237976074
4.981168508529663
7.4739391803741455
0.12369441986083984
6.230334520339966
3.761934995651245
3.0807878971099854
6.083364725112915
0.5732929706573486
6.293168783187866
2.6153974533081055
3.3618268966674805
3.7172598838806152
4.052928447723389
3.6212973594665527
6.0370588302612305
5.1192028522491455
8.409636735916138
0.1303257942199707
5.707890272140503
5.525257587432861
4.175591230392456
3.628903388977051
3.9477531909942627
3.1856350898742676
3.9884610176086426
1.5825161933898926
10.853988409042358
0.16174006462097168
1.7197489738464355
4.7139575481414795
5.6950297355651855
5.603037118911743
2.5955216884613037
4.357524633407593
5.249202251434326
8.085517883300781
0.1285686492919922
3.2718122005462646
2.290959358215332
2.472071647644043
2.977602481842041
5.508914232254028
3.9920270442962646
4.413825750350952
8.694019794464111
0.1327502727508545
3.382584810256958
5.877802610397339
3.558563232421875
2.7301454544067383
5.777324199676514
3.6696743965148926
4.856025218963623
4.560543537139893
2.621239423751831
3.288835287094116
2.471045732498169
6.459230899810791
3.661759853363037
2.423227310180664
3.955639600753784
5.666289806365967
4.192641258239746
6.923541069030762
3.8518595695495605
3.578568696975708
3.830272674560547
2.1651663780212402
1.6847524642944336
2.376492500305176
5.191688060760498
6.83065390586853
6.451918363571167
3.657841920852661
2.243523597717285
6.1381001472473145
4.360974550247192
2.196423292160034
4.070358037948608
2.752987861633301
3.656662702560425
0.5679953098297119
10.456959009170532
0.15705633163452148
5.494510650634766
3.8147685527801514
3.363086700439453
2.9297385215759277
5.370027303695679
8.44808053970337
0.13215947151184082
3.541409969329834
4.077993392944336
7.579849004745483
0.12151098251342773
3.2600722312927246
7.015622138977051
0.12721824645996094
2.891406536102295
4.466902494430542
2.2633681297302246
3.379469394683838
6.787806510925293
8.3332998752594
0.13567686080932617
2.77107310295105
7.65046238899231
0.11851096153259277
3.7530570030212402
2.8734757900238037
4.501978635787964
2.695190191268921
4.2681708335876465
4.223717451095581
4.879445552825928
2.7400054931640625
3.6428234577178955
3.844750165939331
3.89131498336792
5.492985486984253
5.616848945617676
7.188495874404907
0.1284620761871338
3.8860747814178467
8.310953855514526
0.158247709274292
2.065983772277832
6.085000991821289
5.699057340621948
2.947688102722168
1.9421870708465576
2.50577712059021
3.8685121536254883
2.234679698944092
2.177372694015503
4.000310897827148
3.6151959896087646
4.312689304351807
5.660079002380371
6.757288455963135
1.6746280193328857
3.0032944679260254
5.512405633926392
4.051860809326172
4.028218030929565
2.8985276222229004
8.710110902786255
0.14042282104492188
4.2363269329071045
3.1211841106414795
2.548541307449341
4.630799293518066
6.169445037841797
2.0965466499328613
2.0741007328033447
4.582270383834839
7.4094624519348145
0.11724042892456055
1.8146488666534424
1.7534010410308838
7.248145341873169
10.666067838668823
0.16254091262817383
1.5894744396209717
2.701474189758301
6.237677335739136
3.790513277053833
4.33224630355835
3.807607650756836
5.458353042602539
2.8675644397735596
3.7214877605438232
7.5562520027160645
0.11914753913879395
5.692876577377319
2.3250274658203125
5.6043455600738525
2.969721555709839
3.360914468765259
4.682741403579712
7.327867031097412
0.12571334838867188
5.643127679824829
3.1374082565307617
5.553300619125366
10.267693519592285
0.16150498390197754
3.860525369644165
7.4623706340789795
0.12023520469665527
5.294484615325928
4.522004842758179
3.769263505935669
3.592137098312378
4.840688467025757
8.734482526779175
0.13298249244689941
1.3564295768737793
3.0539097785949707
2.85077166557312
10.406375646591187
0.1592082977294922
3.909857749938965
6.338207960128784
4.3178229331970215
4.066381216049194
4.228962659835815
4.192793369293213
3.3061747550964355
1.5241522789001465
10.585906028747559
0.16064834594726562
8.190553903579712
0.13098359107971191
2.7874715328216553
4.059527397155762
4.942789077758789
3.9979023933410645
2.5621776580810547
3.5320281982421875
4.604340076446533
5.3383824825286865
2.2037410736083984
3.5397658348083496
1.5205652713775635
2.454636335372925
4.499312400817871
3.6437149047851562
8.474449157714844
0.13735198974609375
8.274542808532715
0.13449525833129883
4.515077590942383
3.0303890705108643
1.606053352355957
4.013243675231934
2.8469557762145996
2.7999212741851807
3.53672194480896
11.118045330047607
0.16334295272827148
3.4477028846740723
1.7603273391723633
3.4263274669647217
7.41813063621521
0.12123370170593262
6.808468341827393
3.395451068878174
5.617896556854248
6.581995964050293
1.6438803672790527
2.6911609172821045
6.016894102096558
4.041900634765625
4.0667760372161865
5.492952823638916
2.8551673889160156
2.8548355102539062
5.800272703170776
5.7666192054748535
3.8506925106048584
5.7687013149261475
4.318675518035889
3.8447234630584717
2.7003567218780518
1.457073450088501
7.654104948043823
0.11826944351196289
3.0210094451904297
1.8712027072906494
2.7723770141601562
4.837305784225464
2.9592504501342773
1.8303053379058838
3.7230334281921387
5.0038111209869385
4.387129783630371
5.965582609176636
3.627774715423584
6.533492565155029
3.4820072650909424
5.804793834686279
3.91390061378479
2.8758704662323
3.8839783668518066
2.554788589477539
3.912475824356079
6.46678352355957
3.2524657249450684
2.578636884689331
2.3319969177246094
6.656503677368164
2.2332801818847656
10.817190647125244
0.1603527069091797
3.093474864959717
3.9792699813842773
0.6258120536804199
3.610889434814453
3.831191062927246
3.942652463912964
5.017361879348755
3.741110324859619
1.6572656631469727
2.955495834350586
3.638650417327881
6.970345735549927
5.688760995864868
4.783690690994263
3.9278810024261475
3.864182233810425
7.092343330383301
2.7302744388580322
6.573149919509888
3.887993574142456
3.5688798427581787
2.600189685821533
2.834449529647827
4.761448621749878
2.9737024307250977
3.4487407207489014
7.08543062210083
7.601464033126831
0.12235236167907715
6.325701951980591
3.0068979263305664
7.236961841583252
5.658390998840332
4.42052435874939
4.0493834018707275
0.6281609535217285
3.1576883792877197
2.5851221084594727
5.662781238555908
4.677296876907349
2.3634002208709717
6.046753883361816
3.87542986869812
6.703961133956909
2.91776704788208
5.154499769210815
7.232269525527954
0.1172933578491211
3.607177495956421
3.7185821533203125
2.4901859760284424
5.19511604309082
5.416415214538574
6.621613264083862
4.082377672195435
3.6817760467529297
3.0307955741882324
4.798987627029419
3.4223625659942627
8.53007459640503
0.140946626663208
3.4543159008026123
2.8221564292907715
4.208193778991699
4.031832456588745
3.6837925910949707
5.461016654968262
4.54752516746521
1.5626327991485596
4.149417400360107
8.59440016746521
0.14197158813476562
3.5428295135498047
2.2794859409332275
7.536362886428833
0.1172947883605957
3.79352068901062
2.2187600135803223
6.029367685317993
6.01979660987854
2.869969606399536
8.573128461837769
0.13291406631469727
2.9083752632141113
5.6815900802612305
3.0452628135681152
3.3480224609375
3.9994194507598877
3.196173906326294
4.273908376693726
4.220203399658203
0.4140939712524414
3.973726272583008
2.336308002471924
3.2750205993652344
2.7349400520324707
2.96346116065979
2.395880699157715
6.096411228179932
2.8888590335845947
2.6870906352996826
2.926290988922119
1.609196424484253
7.866908550262451
0.11897087097167969
3.9395272731781006
5.580221652984619
3.9221277236938477
2.3271796703338623
2.959458112716675
2.479973793029785
5.560739994049072
4.175268173217773
4.391597032546997
2.1642088890075684
3.426886796951294
2.9222724437713623
5.628514528274536
6.849350452423096
4.055488109588623
1.9628071784973145
4.417486667633057
2.605916738510132
5.491975545883179
3.633378505706787
3.621262550354004
4.7273736000061035
5.91183066368103
3.8241186141967773
3.611603021621704
3.8679797649383545
2.1520802974700928
3.695108413696289
4.322504997253418
4.063638925552368
4.003098964691162
2.1681385040283203
6.530361175537109
4.053616285324097
4.337569952011108
4.417238712310791
3.153629779815674
6.135523319244385
4.451153516769409
4.5950026512146
4.087877988815308
3.284964084625244
1.618126630783081
6.008415937423706
4.31007194519043
6.971953630447388
7.718055725097656
0.13694262504577637
3.0138018131256104
5.8724164962768555
7.673216104507446
0.12570786476135254
6.238210439682007
2.4058802127838135
2.6841142177581787
0.6155853271484375
4.94555139541626
3.9363961219787598
5.633493423461914
1.6195316314697266
5.6194798946380615
10.114240407943726
0.16750240325927734
2.6777942180633545
4.075650691986084
3.1079297065734863
3.655517101287842
6.8161704540252686
2.9777450561523438
7.116034746170044
3.107199192047119
4.220404624938965
2.770582914352417
6.2665441036224365
5.8814661502838135
3.7979607582092285
3.8519012928009033
3.0225441455841064
3.488964319229126
8.662860870361328
0.13202953338623047
2.0684475898742676
4.003222465515137
4.888533353805542
4.459815740585327
3.7821662425994873
6.473862648010254
6.775005340576172
5.573958396911621
5.748018264770508
2.918794631958008
3.7128305435180664
2.2945938110351562
5.748455286026001
4.384283542633057
3.2935657501220703
5.772051095962524
3.4777474403381348
4.750474214553833
5.036762475967407
2.688621997833252
1.6247129440307617
3.587414264678955
2.466474771499634
2.7071685791015625
8.616089582443237
0.14580512046813965
2.6703927516937256
5.866822004318237
2.28326153755188
5.413849115371704
3.013469934463501
3.6346707344055176
2.288480281829834
3.591517210006714
6.748485803604126
3.048354148864746
3.0941696166992188
6.604579925537109
1.45973801612854
4.452861547470093
6.535191297531128
2.5264341831207275
2.9609978199005127
7.948294639587402
0.13023900985717773
3.3543622493743896
4.095378637313843
5.397284269332886
8.347694873809814
0.13370108604431152
5.011563777923584
5.128004550933838
3.7674224376678467
5.156169176101685
1.7652349472045898
2.085240364074707
1.9264209270477295
3.3710827827453613
5.40236234664917
2.1178817749023438
2.850449800491333
1.6836535930633545
3.47170352935791
2.6086649894714355
2.6958975791931152
3.052445650100708
5.641179323196411
3.5351173877716064
4.259232044219971
2.772050142288208
4.457037687301636
3.182888984680176
2.841958522796631
4.040240049362183
2.4711077213287354
5.488295078277588
3.296511650085449
1.7351140975952148
6.437718868255615
4.763807773590088
3.8503615856170654
2.8412554264068604
2.99198055267334
3.9463698863983154
4.302751064300537
4.124711751937866
1.8408689498901367
8.059298753738403
0.1340196132659912
6.125576019287109
5.717301607131958
5.3241846561431885
5.630098104476929
4.508935213088989
1.7328310012817383
5.545058488845825
3.4753363132476807
3.581244945526123
7.198987007141113
0.12151241302490234
2.586968183517456
2.2487237453460693
6.358504056930542
5.682841539382935
2.635087013244629
2.9877142906188965
1.9182655811309814
2.811455726623535
1.7561275959014893
2.7924368381500244
10.317697763442993
0.16521573066711426
2.602590322494507
2.5878524780273438
8.46281623840332
0.1365039348602295
3.720521926879883
3.4282033443450928
4.0685505867004395
5.690236806869507
6.108699321746826
3.3857948780059814
4.587346792221069
2.797658681869507
4.043293476104736
5.280887603759766
6.717720985412598
5.445703029632568
5.371382236480713
3.043752431869507
1.7024757862091064
10.135814905166626
0.15732049942016602
1.1608195304870605
4.485756874084473
3.4874496459960938
3.4473884105682373
2.191037893295288
6.6030519008636475
5.860165357589722
2.183954954147339
4.7584662437438965
5.123775482177734
10.391762971878052
0.16119170188903809
5.244155168533325
4.374057292938232
3.5530002117156982
2.191983699798584
3.0111634731292725
2.6207478046417236
1.8768270015716553
5.542151689529419
0.5906546115875244
6.069904804229736
4.212318658828735
4.277381181716919
2.2604639530181885
5.779977560043335
2.863102436065674
3.8031985759735107
3.112400531768799
0.6878588199615479
6.444638729095459
3.5272159576416016
9.45625925064087
0.1643366813659668
9.37231183052063
0.15788507461547852
2.615748882293701
4.076875686645508
5.308533430099487
2.9834182262420654
5.3112969398498535
3.2180941104888916
4.665962219238281
3.7068212032318115
2.452388286590576
4.127296209335327
8.181946754455566
0.13016676902770996
6.125756502151489
6.482675313949585
1.5959815979003906
3.6529548168182373
3.1793293952941895
3.193331241607666
6.394949436187744
6.995118618011475
1.8674113750457764
1.4780206680297852
6.00894832611084
5.729539632797241
3.1592116355895996
3.4855024814605713
2.6711485385894775
3.771998643875122
6.565552234649658
2.794095277786255
3.9796576499938965
3.14284348487854
4.122850656509399
6.806283712387085
3.712362289428711
2.6363744735717773
2.7141902446746826
3.7118875980377197
4.210802316665649
5.424869775772095
3.0192015171051025
3.1391093730926514
6.314194202423096
5.316547393798828
2.6118111610412598
3.136601686477661
4.15501856803894
10.171457052230835
0.16640090942382812
9.709623575210571
0.15791916847229004
2.8380565643310547
3.0208442211151123
4.755505084991455
2.142132520675659
4.6965625286102295
2.2013020515441895
2.4166407585144043
5.395614147186279
2.516047477722168
4.755508899688721
5.230424404144287
6.52617621421814
4.083793640136719
5.846343755722046
6.701542854309082
5.461218595504761
1.6021714210510254
7.952343225479126
0.1365492343902588
5.320969820022583
1.6687850952148438
10.709400653839111
0.17064523696899414
5.299774408340454
1.417752742767334
6.412848949432373
6.437398672103882
2.6447949409484863
5.756506443023682
2.1507246494293213
7.045565128326416
5.2630455493927
4.326021909713745
2.3880043029785156
2.6192126274108887
9.919769525527954
0.1613776683807373
3.0091049671173096
2.9373693466186523
1.836104393005371
2.474639415740967
4.427130222320557
5.092812776565552
5.227141857147217
4.123601198196411
3.7795121669769287
3.067754030227661
8.558988809585571
0.13452601432800293
5.4736549854278564
4.01548433303833
6.142985582351685
1.5084257125854492
3.925687551498413
3.713665723800659
1.6366121768951416
2.942406415939331
4.371451139450073
1.72694730758667
4.087536811828613
8.142436504364014
0.13219690322875977
2.645960807800293
3.219345808029175
8.682044506072998
0.1645655632019043
3.9225621223449707
4.492587327957153
2.2119345664978027
2.358811855316162
3.970675230026245
6.157074213027954
4.7834203243255615
4.332273244857788
6.3435773849487305
2.9525794982910156
1.6061112880706787
10.52068305015564
0.16359281539916992
4.024152994155884
2.1237924098968506
3.8722217082977295
2.2143540382385254
2.354943037033081
3.9115278720855713
2.9044973850250244
2.8841445446014404
3.600220203399658
5.737093925476074
3.9307096004486084
10.209206104278564
0.16691064834594727
3.509864091873169
3.8398935794830322
2.174879312515259
3.6587610244750977
2.832230567932129
5.166373014450073
1.621051549911499
4.318551540374756
4.033525466918945
4.158522367477417
2.3377137184143066
4.231743812561035
2.69767689704895
3.141055107116699
2.985520601272583
1.710547685623169
5.323009967803955
3.4498205184936523
1.6201577186584473
5.667059898376465
3.7638654708862305
3.0605990886688232
2.1479063034057617
4.569678068161011
3.5199222564697266
3.6529860496520996
3.059796094894409
3.0327095985412598
4.555498123168945
3.7879230976104736
5.930524110794067
2.870241641998291
2.8344781398773193
6.031365394592285
2.398569345474243
3.377195119857788
4.012025356292725
4.552976369857788
2.8762035369873047
3.697082996368408
3.0518672466278076
3.8300342559814453
3.6628823280334473
2.3097567558288574
3.919166088104248
2.7060041427612305
3.5942139625549316
10.085184097290039
0.1647500991821289
2.6944327354431152
5.759502410888672
2.655918836593628
5.445247173309326
3.2791409492492676
1.588306188583374
2.934274435043335
5.675142049789429
0.549393892288208
3.4430761337280273
2.0008771419525146
3.3302838802337646
3.858429193496704
3.073012351989746
3.2577197551727295
3.0187175273895264
2.9487788677215576
4.033066987991333
2.983755111694336
1.4535720348358154
7.944199323654175
0.1389172077178955
2.4815673828125
3.2501795291900635
1.6361823081970215
7.246216297149658
0.1164863109588623
1.9741520881652832
2.8053395748138428
3.121506690979004
3.829915761947632
4.829925775527954
2.9348044395446777
6.22135853767395
3.7375595569610596
4.204702615737915
5.868056535720825
5.89740514755249
2.3691811561584473
2.797030210494995
4.257826566696167
4.021845817565918
3.0696349143981934
2.375765800476074
2.7378411293029785
3.518900156021118
6.4470086097717285
3.489140510559082
6.426690578460693
5.1774702072143555
3.9642322063446045
7.369150400161743
0.12212610244750977
3.985928773880005
3.948080062866211
4.146918773651123
3.531420946121216
1.937441110610962
2.3247616291046143
3.0720255374908447
3.0390830039978027
4.617067337036133
4.092750072479248
1.8631691932678223
2.6829135417938232
3.6616249084472656
2.136012077331543
2.3793256282806396
5.386901140213013
3.571648120880127
3.6820335388183594
2.5681076049804688
1.8378775119781494
4.528024196624756
2.492560386657715
2.46150279045105
4.20728611946106
3.256525993347168
3.584648370742798
3.721726894378662
1.3732173442840576
5.054002046585083
3.091201066970825
3.4135684967041016
3.0245163440704346
2.7475764751434326
10.25520944595337
0.17095494270324707
3.2528629302978516
6.248566389083862
3.6599152088165283
1.9495787620544434
5.772825241088867
2.8571064472198486
7.09408712387085
0.1325533390045166
4.204017877578735
2.3858373165130615
3.3283333778381348
3.0847082138061523
2.638726234436035
3.9919755458831787
5.0939178466796875
4.341522216796875
6.839940071105957
2.5058984756469727
10.395777463912964
0.15961098670959473
5.447640419006348
2.295867443084717
1.5743203163146973
2.515014886856079
2.4188168048858643
2.8344995975494385
7.37017297744751
0.1211233139038086
1.405838966369629
3.3238015174865723
3.4486942291259766
5.357815504074097
7.8092827796936035
0.1286020278930664
4.165080547332764
1.9408373832702637
8.156172513961792
0.14169836044311523
4.196174621582031
5.767680883407593
2.647698163986206
4.053669452667236
3.052394390106201
2.8614771366119385
4.067438364028931
5.521962642669678
4.855315685272217
6.6356589794158936
5.416365623474121
1.5857503414154053
5.532238721847534
3.7271904945373535
2.816706657409668
5.615583181381226
3.823667526245117
3.8771510124206543
3.450390338897705
4.463039875030518
3.9269027709960938
2.914396047592163
7.139486789703369
0.12689852714538574
4.886132717132568
3.495565176010132
4.076390504837036
3.6690292358398438
7.995172739028931
0.14592313766479492
6.108396768569946
5.600090742111206
3.7939324378967285
5.68437933921814
5.563625812530518
3.5386104583740234
4.178357839584351
2.764488935470581
3.647830009460449
3.4893202781677246
3.805974245071411
2.955940008163452
2.33377742767334
1.6928160190582275
4.0950305461883545
2.657304048538208
10.201232194900513
0.15733814239501953
0.3074219226837158
2.49991512298584
2.3254075050354004
5.837644338607788
6.977821588516235
0.12442231178283691
6.961437940597534
0.11950898170471191
4.146483659744263
5.452132225036621
4.589277505874634
7.475764036178589
0.13271498680114746
2.0499563217163086
2.994466781616211
2.406914472579956
4.106706857681274
6.663609027862549
3.7486233711242676
1.8576710224151611
2.027207851409912
2.7768123149871826
5.5878143310546875
6.555809259414673
3.8269946575164795
7.460268974304199
0.12192416191101074
3.801980495452881
5.86103630065918
2.7179200649261475
3.2337944507598877
3.9452261924743652
4.831357717514038
1.5041813850402832
4.0068275928497314
4.1637115478515625
5.753395080566406
7.055303335189819
0.12009596824645996
2.6206228733062744
4.8659892082214355
5.167152643203735
2.268014669418335
4.041180849075317
4.796231746673584
5.483858823776245
5.913531541824341
2.444725513458252
3.664278268814087
1.7857959270477295
3.207733154296875
4.731707572937012
2.660762071609497
6.7336719036102295
1.94569730758667
3.5639827251434326
4.087669372558594
4.417647123336792
4.093793630599976
5.895638704299927
4.500354528427124
3.140366792678833
3.997576951980591
5.882616281509399
4.038071632385254
3.8883187770843506
6.636397361755371
4.700164556503296
3.1089587211608887
3.430854320526123
4.590324878692627
5.4086079597473145
5.591475486755371
2.900151252746582
3.4055397510528564
5.314922094345093
1.692694902420044
3.818711757659912
2.305605411529541
4.678736925125122
3.856562852859497
3.8277087211608887
4.932602167129517
5.289057016372681
10.60091519355774
0.1615276336669922
2.6051852703094482
3.8329124450683594
2.5219554901123047
2.7391581535339355
1.9071099758148193
8.757747650146484
0.13619184494018555
2.896113157272339
5.431055784225464
4.542308330535889
2.9485106468200684
4.038846969604492
3.043631076812744
3.8040761947631836
1.5649046897888184
2.816495895385742
1.54496431350708
1.641308069229126
5.555429697036743
5.545003175735474
4.2165608406066895
10.576302766799927
0.1613175868988037
2.510525703430176
4.582607984542847
4.2811291217803955
3.4018869400024414
4.34009575843811
3.270134687423706
3.533151149749756
5.620707750320435
3.195387601852417
3.5272469520568848
4.813017845153809
6.9729838371276855
4.230832576751709
10.880136966705322
0.16292691230773926
5.543058156967163
2.287372350692749
3.623469591140747
6.893442153930664
2.589660882949829
4.3828206062316895
6.584815979003906
2.4146625995635986
1.5417585372924805
4.166550397872925
7.918978691101074
0.12946081161499023
2.7681705951690674
2.881528615951538
2.950881004333496
1.5205368995666504
5.3437323570251465
4.27752423286438
2.019559383392334
5.828731060028076
6.213111400604248
2.6754701137542725
4.322688102722168
3.6671369075775146
5.3265604972839355
5.5607521533966064
1.8386657238006592
10.926694631576538
0.17230606079101562
6.0926172733306885
3.842128276824951
3.557905673980713
4.502944231033325
2.5967488288879395
6.952746868133545
4.108874082565308
6.372403621673584
6.83557391166687
1.634394884109497
5.396491765975952
2.7884416580200195
10.580085515975952
0.1620795726776123
6.249621391296387
7.326052665710449
0.1255967617034912
6.874125003814697
10.837711095809937
0.1631925106048584
2.50180983543396
2.13079833984375
5.84446907043457
7.313289642333984
0.1229398250579834
3.4741978645324707
5.1590001583099365
5.405626535415649
3.0619418621063232
1.9260058403015137
2.6084160804748535
6.170405149459839
5.849691152572632
7.0530009269714355
3.093100070953369
3.1282927989959717
5.471146821975708
11.255131006240845
0.1630096435546875
4.390519142150879
3.358177900314331
2.779177665710449
3.9591023921966553
4.147151231765747
3.2279486656188965
7.499269485473633
0.12040829658508301
2.7614755630493164
4.181161403656006
2.1461102962493896
11.143874168395996
0.16225147247314453
7.180603504180908
0.12677550315856934
3.362766742706299
5.865509748458862
8.414439916610718
0.13430523872375488
4.59321403503418
3.797837257385254
7.646489143371582
0.12731623649597168
7.590420246124268
0.12382364273071289
2.974100112915039
5.156328916549683
1.9938859939575195
7.26682448387146
0.11919140815734863
2.6528120040893555
2.6739485263824463
6.054406404495239
4.156013488769531
2.3204433917999268
6.095215559005737
1.6693544387817383
3.9744820594787598
3.1713342666625977
4.215934753417969
1.976484775543213
1.9120228290557861
5.601213693618774
3.863070249557495
3.465209484100342
3.4715261459350586
8.635747194290161
0.13266754150390625
2.9925670623779297
4.444839715957642
4.486332893371582
4.798957824707031
1.716820478439331
3.0102992057800293
2.8971107006073
4.082490682601929
2.3299789428710938
6.045095682144165
1.953714370727539
3.5998666286468506
2.9385335445404053
3.334632396697998
7.289687871932983
5.821371555328369
2.437692642211914
5.696441888809204
7.432186603546143
0.12141013145446777
6.523567199707031
5.80995512008667
2.954019069671631
2.196528434753418
2.6465530395507812
6.71863579750061
6.648787975311279
10.635095119476318
0.1621720790863037
2.4382054805755615
2.4996554851531982
2.4146244525909424
3.2677018642425537
3.02706241607666
3.9740242958068848
4.511744499206543
1.727715253829956
8.749251365661621
0.13260746002197266
2.8953194618225098
2.4755876064300537
4.099974155426025
5.834075927734375
6.966549634933472
5.536545276641846
2.782212734222412
2.8573076725006104
4.612669467926025
2.5333147048950195
4.013881683349609
3.172344207763672
10.802640438079834
0.15697908401489258
3.0705649852752686
3.2064621448516846
2.892285108566284
3.6635007858276367
2.3016839027404785
4.277427911758423
5.497087001800537
5.743688583374023
3.099515914916992
8.729958295822144
0.1348731517791748
2.4099535942077637
1.7688627243041992
3.0833749771118164
8.864022016525269
0.15688395500183105
2.9315855503082275
5.50316309928894
3.4257636070251465
10.530089855194092
0.162306547164917
3.0454046726226807
8.790895462036133
0.13652777671813965
3.6775851249694824
4.524939775466919
4.811004161834717
7.428699254989624
0.1333620548248291
7.270653963088989
0.15348339080810547
5.451097011566162
3.188441276550293
5.946898937225342
11.080222845077515
0.16552519798278809
0.36495327949523926
3.945497989654541
4.967587947845459
7.080647945404053
4.603095054626465
3.545851469039917
5.024317741394043
2.7452826499938965
6.796152353286743
3.006342649459839
3.7858126163482666
2.7861554622650146
3.7176218032836914
3.5361499786376953
5.806608438491821
5.208855628967285
2.9537973403930664
5.4982099533081055
5.730079174041748
2.890214204788208
8.647949695587158
0.13977837562561035
7.97502064704895
0.13449430465698242
3.872689723968506
4.116499662399292
5.953634977340698
4.906081438064575
10.848015308380127
0.16237592697143555
3.9436874389648438
6.5319390296936035
2.6939172744750977
5.011416673660278
6.2225964069366455
2.396912097930908
3.8423852920532227
4.1130211353302
1.771209716796875
5.688192129135132
3.588308095932007
1.5595312118530273
8.31813931465149
0.1336681842803955
3.1862287521362305
10.798043489456177
0.16142773628234863
3.641664505004883
3.4437785148620605
3.700826644897461
3.016854763031006
7.5351033210754395
7.975054025650024
0.13189935684204102
5.96776556968689
3.240756034851074
5.781965494155884
6.793387174606323
5.925847768783569
3.2590181827545166
3.0217227935791016
1.8665187358856201
2.064506769180298
4.966417074203491
5.921859502792358
2.2446937561035156
4.53828239440918
2.0795199871063232
3.953943967819214
5.08695912361145
5.930195569992065
3.8006629943847656
6.733330011367798
2.9850683212280273
4.324646711349487
3.0888001918792725
2.979579210281372
5.709023952484131
1.6283454895019531
6.291949272155762
4.6190056800842285
10.828956842422485
0.16391420364379883
4.30245304107666
2.3292317390441895
4.525858640670776
3.3395133018493652
4.8775084018707275
5.4019012451171875
3.7288978099823
5.96464729309082
3.8996498584747314
4.065446376800537
7.26407527923584
0.12272191047668457
3.6752872467041016
2.8898022174835205
2.506988048553467
3.654048204421997
8.745953559875488
0.134796142578125
3.2385849952697754
4.451756954193115
3.973050832748413
4.843752861022949
5.624797105789185
5.601590394973755
3.0676634311676025
5.948684453964233
4.2414796352386475
5.594367980957031
5.696143865585327
2.8920392990112305
2.54420804977417
3.308892250061035
7.059325933456421
3.202282667160034
1.7065825462341309
6.323432445526123
3.1997241973876953
4.932422399520874
3.0131096839904785
5.460879325866699
6.146937608718872
2.90342378616333
2.3200860023498535
3.9261813163757324
6.66259765625
11.061123132705688
0.16319751739501953
2.0012989044189453
5.768357515335083
5.467108488082886
3.9407079219818115
1.5626590251922607
10.78059720993042
0.1608426570892334
2.625582218170166
1.881612777709961
10.493091106414795
0.15945792198181152
2.699606418609619
3.145848035812378
4.264953136444092
4.001050710678101
4.637537479400635
2.5385003089904785
4.142404794692993
3.869943618774414
5.645035266876221
6.648543834686279
4.307846546173096
2.9493494033813477
3.9673166275024414
3.714841365814209
2.57015323638916
3.112743854522705
4.573217391967773
4.008684396743774
3.5630881786346436
2.940607786178589
3.8156721591949463
2.7021827697753906
5.337573289871216
3.85282564163208
5.387667417526245
2.8256726264953613
10.527000904083252
0.16296768188476562
3.4903154373168945
7.4021337032318115
0.12163043022155762
3.385289430618286
3.200093984603882
6.075807571411133
7.242616415023804
6.966530084609985
5.574113130569458
2.5748534202575684
4.127968072891235
4.34859824180603
5.852660417556763
7.037761449813843
7.66074275970459
0.1277766227722168
2.129734516143799
4.405010461807251
7.336068391799927
11.209155797958374
0.16724276542663574
2.2669713497161865
8.360578060150146
0.13056349754333496
3.4528255462646484
3.685755491256714
6.195931434631348
3.3670713901519775
4.391777276992798
4.301891326904297
3.450571060180664
11.086904048919678
0.16336846351623535
3.983339786529541
6.68432879447937
2.8153939247131348
3.0340921878814697
4.2897515296936035
3.4908275604248047
2.7330310344696045
2.969831943511963
5.769078016281128
2.1288938522338867
2.0221469402313232
2.2099838256835938
2.9485907554626465
3.719506025314331
1.530470848083496
3.7571120262145996
1.8033831119537354
2.510690927505493
3.9760892391204834
2.740629196166992
4.979081869125366
1.5071430206298828
2.320955753326416
3.9881556034088135
1.7858436107635498
2.641540288925171
2.8732402324676514
3.1155123710632324
6.178347587585449
1.514214277267456
2.394009828567505
6.313173055648804
6.751565456390381
6.87558650970459
6.226406812667847
6.658501625061035
2.913294553756714
1.5805861949920654
3.8529531955718994
4.0373170375823975
3.6339948177337646
4.3361287117004395
0.6523888111114502
10.961390256881714
0.16986894607543945
3.3913373947143555
5.638945579528809
3.868311643600464
3.9183273315429688
3.1090517044067383
3.6522271633148193
3.4093101024627686
8.627277135848999
0.1331467628479004
4.747326374053955
0.5922973155975342
2.4021201133728027
3.02034330368042
5.975696086883545
4.066668510437012
10.479628324508667
0.16228818893432617
3.814974546432495
4.335813522338867
2.1087069511413574
2.6922152042388916
3.4243972301483154
4.347208499908447
2.4097824096679688
5.6382973194122314
4.242880582809448
2.988821506500244
4.092186450958252
4.702250957489014
5.875680446624756
11.021973133087158
0.16515159606933594
5.5719428062438965
3.5652129650115967
4.410018682479858
5.4126410484313965
4.5709228515625
0.5550146102905273
5.8718342781066895
3.4487686157226562
8.542135000228882
0.16733908653259277
6.537022590637207
8.956393241882324
0.13854670524597168
3.5772910118103027
6.732756614685059
2.9662179946899414
5.766529321670532
3.0314412117004395
2.8120877742767334
5.803290128707886
7.324190855026245
0.12187910079956055
1.4739649295806885
5.517849445343018
5.888728857040405
4.206343650817871
2.953550338745117
5.927261114120483
5.726724147796631
5.315746784210205
4.824730634689331
3.6851091384887695
3.8875443935394287
8.88165545463562
0.14189553260803223
5.032040357589722
8.550965547561646
0.1371779441833496
2.7612178325653076
2.357482671737671
2.8180770874023438
2.29453182220459
1.8108878135681152
4.526438236236572
2.931511402130127
1.9737586975097656
1.7252731323242188
2.4361867904663086
3.7559847831726074
4.6424946784973145
3.2621445655822754
6.805602788925171
4.339788436889648
4.084431409835815
2.2923052310943604
5.03202223777771
3.815300226211548
3.349214792251587
3.2624175548553467
2.839782953262329
5.639840841293335
4.99756383895874
4.042019605636597
3.634742259979248
4.245481014251709
3.836676836013794
3.724757671356201
2.263278007507324
5.535618305206299
8.608214139938354
0.14096546173095703
2.665928840637207
4.287274360656738
4.19302773475647
3.5738086700439453
4.660273551940918
3.4156830310821533
4.1319801807403564
6.16738748550415
3.022538423538208
3.671772003173828
3.2421841621398926
3.229614734649658
5.567856073379517
2.2937583923339844
6.888732671737671
7.561758995056152
0.12009954452514648
5.1202497482299805
3.8389084339141846
2.36857533454895
3.2109806537628174
4.097215890884399
3.3670613765716553
1.6377573013305664
2.568690299987793
6.685561656951904
4.2711358070373535
3.610301971435547
3.2265071868896484
10.80857515335083
0.1619269847869873
2.2565102577209473
2.364008665084839
8.769883394241333
0.13671469688415527
4.49589467048645
1.5036547183990479
3.7334885597229004
4.544038534164429
5.209355115890503
2.714385747909546
5.507560729980469
5.527916193008423
3.7329344749450684
4.663748025894165
2.791185140609741
5.420996427536011
5.51326584815979
2.7927772998809814
4.446995735168457
7.445801258087158
0.11940622329711914
2.862071990966797
8.602454900741577
0.13562607765197754
5.37416934967041
3.9649972915649414
1.6106243133544922
7.995448112487793
0.12813758850097656
3.4922685623168945
5.620339393615723
10.87456202507019
0.15732955932617188
1.4502356052398682
5.949927568435669
4.002696752548218
4.02226996421814
3.2557811737060547
3.392490863800049
3.3822827339172363
3.6897284984588623
3.681074857711792
3.814723253250122
6.960874557495117
10.227348804473877
0.18142914772033691
1.5760927200317383
2.7675106525421143
4.502628564834595
2.451934576034546
4.940020322799683
4.931934595108032
6.06060004234314
3.9610729217529297
3.659452199935913
3.9575862884521484
2.314528703689575
3.36562442779541
4.365542650222778
3.2137815952301025
7.433591604232788
0.12617063522338867
2.280207633972168
4.605705261230469
5.201476573944092
6.800390005111694
6.69797945022583
8.339279413223267
0.13480377197265625
2.341407299041748
2.737920045852661
2.55794095993042
3.1358494758605957
3.175959587097168
1.6538355350494385
1.8298015594482422
10.702949047088623
0.16479134559631348
10.481865644454956
0.1638936996459961
6.335401296615601
1.6463699340820312
5.4670305252075195
3.537839412689209
7.188024520874023
0.11557221412658691
2.982459306716919
6.020190477371216
2.5642640590667725
5.568325519561768
3.6731529235839844
4.3019654750823975
3.2480030059814453
2.027799367904663
2.780592203140259
5.800356864929199
6.68257737159729
10.749043941497803
0.16906094551086426
4.363337755203247
5.725431442260742
8.210581064224243
0.14200711250305176
5.317065000534058
3.9212398529052734
2.5508668422698975
3.057433843612671
1.534163236618042
4.440784215927124
6.917986869812012
10.704468250274658
0.16422176361083984
3.3596487045288086
5.844461441040039
4.368903398513794
2.250134229660034
5.052141904830933
5.851793050765991
5.900635242462158
5.796260356903076
3.5852019786834717
2.012848377227783
2.809586524963379
11.210723161697388
0.16103863716125488
1.3969848155975342
4.950133800506592
3.768366813659668
4.136892318725586
3.9530324935913086
7.058115243911743
2.8192479610443115
3.194182872772217
5.930535793304443
2.6520628929138184
2.545897960662842
4.765225410461426
2.9839441776275635
3.7230224609375
3.4471371173858643
4.9898059368133545
2.460261344909668
3.2259392738342285
4.600744009017944
7.093452453613281
8.397289991378784
0.13806438446044922
2.6818535327911377
6.848930597305298
5.368709325790405
7.351503849029541
0.12651467323303223
6.475013732910156
8.17175006866455
0.1369476318359375
3.783027172088623
4.121972560882568
4.9328083992004395
3.6491751670837402
2.127497434616089
7.5411365032196045
0.12286090850830078
3.7366089820861816
4.896737575531006
2.522298574447632
4.23237419128418
4.022338628768921
3.6773738861083984
7.7283947467803955
0.1270616054534912
2.9649229049682617
7.44400429725647
4.5009942054748535
3.725961685180664
3.3035967350006104
10.61370301246643
0.16413187980651855
4.06056809425354
6.80696964263916
0.546363353729248
5.5485594272613525
7.839777231216431
0.12143802642822266
3.7472333908081055
2.721496105194092
4.818391561508179
4.261789321899414
4.055636644363403
1.5862159729003906
5.893936634063721
3.8046810626983643
2.76604962348938
3.818840503692627
10.97580862045288
0.17024874687194824
1.4999940395355225
2.431920289993286
6.374536991119385
2.355384111404419
1.8749024868011475
3.1858067512512207
2.4145357608795166
10.80784821510315
0.1585829257965088
1.1522562503814697
3.442824125289917
2.9878151416778564
7.954439401626587
0.12815046310424805
3.5392208099365234
5.532280445098877
3.455977439880371
6.767056703567505
4.228147745132446
3.756281852722168
2.956437826156616
3.5717902183532715
1.6254940032958984
2.6258652210235596
4.149178504943848
8.736212253570557
0.13894343376159668
6.316881418228149
2.180697441101074
8.47604513168335
0.13788580894470215
7.293010950088501
0.11881852149963379
11.024314403533936
0.1683950424194336
2.6057963371276855
4.068033695220947
5.99860692024231
5.6322267055511475
2.9890518188476562
4.514293670654297
2.3766472339630127
2.2607994079589844
3.4092354774475098
3.403346538543701
3.0506935119628906
5.9855828285217285
2.71370005607605
2.694366693496704
6.451619625091553
3.9851365089416504
4.294254541397095
4.293373107910156
1.5414133071899414
3.5719196796417236
5.165303707122803
2.859755516052246
3.9916656017303467
1.9102163314819336
5.65455174446106
5.80509614944458
6.736971378326416
2.541391134262085
2.8195128440856934
2.747495651245117
3.6625778675079346
11.116773128509521
0.16393613815307617
3.7917253971099854
0.6663379669189453
6.256367206573486
2.7433252334594727
1.7248411178588867
6.120327949523926
5.358428239822388
8.381863117218018
0.1389484405517578
8.325201034545898
0.13537025451660156
1.3556370735168457
5.969972848892212
2.0592710971832275
2.3835909366607666
1.7661011219024658
2.916383981704712
6.820390939712524
4.362840175628662
2.344881772994995
6.001041412353516
5.649864435195923
3.8036649227142334
5.821852684020996
6.668264627456665
4.105232000350952
3.233062267303467
2.969276189804077
1.7201440334320068
2.6911063194274902
4.319594621658325
4.108990907669067
3.22125506401062
3.136353015899658
6.494271993637085
3.415609359741211
3.8109114170074463
2.542701244354248
8.576711654663086
0.13371562957763672
5.765242576599121
2.2070059776306152
5.373152732849121
5.363662481307983
4.174936532974243
2.7775959968566895
4.347185373306274
5.278046131134033
3.708193063735962
7.152323246002197
8.790755987167358
0.133958101272583
3.520519256591797
1.7409327030181885
4.947333574295044
3.176542282104492
2.2868845462799072
3.0834381580352783
3.188037157058716
5.6179893016815186
7.66733980178833
0.13006925582885742
4.922577142715454
4.227948904037476
4.064502239227295
6.137559652328491
7.038663148880005
4.920167684555054
3.8749167919158936
4.2871198654174805
1.864454984664917
7.228801488876343
3.8612592220306396
3.109046220779419
5.9913647174835205
3.4650819301605225
4.020994663238525
5.076268434524536
1.5013294219970703
2.9323549270629883
6.659113883972168
3.9952445030212402
3.0474436283111572
1.632591962814331
5.547849178314209
7.3551905155181885
3.165996789932251
7.2123799324035645
4.129134654998779
2.9909796714782715
4.627633333206177
0.5443487167358398
3.958001136779785
5.431549549102783
4.665913820266724
3.8629696369171143
3.741004228591919
10.409523248672485
0.159959077835083
2.5921783447265625
4.800050973892212
6.761213064193726
3.6409101486206055
6.886743068695068
6.980637073516846
2.437708616256714
3.748629093170166
8.52727198600769
0.13705039024353027
8.665685415267944
0.1417546272277832
3.588656425476074
8.727598905563354
0.13430237770080566
4.137329339981079
4.527812242507935
2.656075954437256
10.937291383743286
0.16923737525939941
0.2762322425842285
2.838200330734253
6.06952428817749
2.50970458984375
11.24173355102539
0.167724609375
10.833928108215332
0.1659107208251953
2.967517137527466
10.93954610824585
0.16406750679016113
5.608628749847412
8.473912715911865
0.144500732421875
2.1915645599365234
3.1992619037628174
5.5555877685546875
5.905198812484741
6.795146465301514
3.2722179889678955
2.394056797027588
2.764930486679077
5.830886602401733
1.6215858459472656
0.7440152168273926
3.7378129959106445
4.187296628952026
3.0252082347869873
3.693230628967285
3.5915863513946533
3.2814602851867676
5.344622611999512
4.577704668045044
10.36213207244873
0.16103196144104004
2.6629598140716553
3.1422042846679688
4.4336161613464355
4.381791353225708
2.6356194019317627
7.064269304275513
7.5226545333862305
0.12608623504638672
1.6653831005096436
5.657184600830078
6.470439672470093
5.522527456283569
7.555518865585327
0.13079190254211426
3.5831336975097656
5.554781436920166
5.742415189743042
6.015355110168457
5.885701417922974
7.083137512207031
2.5277633666992188
6.845771312713623
4.190085172653198
8.838856935501099
0.13977503776550293
3.6097798347473145
2.4139952659606934
4.15311598777771
2.9047491550445557
6.964913845062256
3.3391873836517334
3.818554162979126
8.573063611984253
0.1295933723449707
4.5998969078063965
10.65649962425232
0.16503381729125977
2.3194658756256104
6.699808359146118
7.107902526855469
2.2767226696014404
3.959204912185669
2.7806997299194336
6.728111743927002
3.290637254714966
2.529667615890503
2.2609498500823975
4.041152238845825
4.785920143127441
2.814748525619507
4.091666221618652
9.257821083068848
0.13440489768981934
5.409740209579468
3.0011513233184814
0.6125504970550537
2.862161874771118
5.058238744735718
5.614110946655273
2.3799471855163574
4.77372145652771
2.5528159141540527
2.494596481323242
6.167158365249634
3.7065696716308594
2.8600637912750244
2.7169559001922607
4.869422674179077
4.282732963562012
2.5764832496643066
4.147260904312134
2.4149956703186035
2.7599449157714844
4.424229621887207
3.5705955028533936
2.625025987625122
1.6418676376342773
8.795603275299072
0.14569401741027832
10.470936059951782
0.15963530540466309
3.1698739528656006
5.827099800109863
2.480630874633789
1.7816681861877441
2.3657898902893066
3.094372034072876
3.9887688159942627
2.779867649078369
7.701035499572754
0.12710332870483398
2.7923331260681152
2.9320993423461914
6.90205979347229
3.7348597049713135
5.9314939975738525
5.781461238861084
2.742007255554199
6.017857789993286
2.5973007678985596
4.0076353549957275
8.352920770645142
0.13388729095458984
2.1650781631469727
3.744419813156128
6.532593250274658
2.670689105987549
2.5538454055786133
10.782722473144531
0.15848255157470703
5.1563942432403564
4.272827386856079
6.642550945281982
1.6251933574676514
4.609209060668945
5.987727642059326
6.655077219009399
5.563168525695801
5.532420635223389
5.8325371742248535
3.719801425933838
5.531137228012085
2.237607955932617
4.889253854751587
4.004024028778076
3.6650078296661377
4.401262521743774
2.352327346801758
4.428741931915283
4.263795375823975
1.479994297027588
3.6806912422180176
2.905380964279175
4.244495153427124
3.4816436767578125
4.021833181381226
4.038593292236328
7.310598611831665
0.11842846870422363
6.78162145614624
1.9004111289978027
3.124748945236206
2.036320686340332
4.475191593170166
2.3118059635162354
7.719622611999512
0.12380194664001465
3.3121118545532227
3.341036796569824
3.4126362800598145
2.1410973072052
3.7048773765563965
3.2227983474731445
3.5487496852874756
5.342269659042358
6.062264680862427
1.898468255996704
3.482405662536621
3.72222638130188
2.3073184490203857
3.1384713649749756
4.3465917110443115
7.183281898498535
2.74755597114563
2.8813483715057373
3.1300525665283203
2.7043607234954834
6.070146560668945
2.1585586071014404
2.744114637374878
7.238341569900513
0.11969161033630371
10.632067918777466
0.16112685203552246
2.2585763931274414
10.745033979415894
0.1578381061553955
3.5104050636291504
3.2130727767944336
4.353750944137573
2.8588876724243164
3.999690532684326
4.04595422744751
4.581807374954224
4.3855907917022705
5.240914821624756
4.1149187088012695
4.867750644683838
1.9283223152160645
2.8941962718963623
6.8667848110198975
4.701245546340942
6.8366029262542725
3.906135320663452
5.538812875747681
6.578995704650879
2.1631546020507812
10.604167699813843
0.16065001487731934
5.785734176635742
4.424745798110962
2.1633129119873047
10.860767841339111
0.16249537467956543
6.680667400360107
3.1678292751312256
5.533653974533081
8.896010637283325
0.13654184341430664
3.362773895263672
2.702244520187378
1.9706735610961914
5.0679709911346436
3.3085246086120605
5.618881464004517
5.369712829589844
7.988393545150757
0.12325930595397949
4.242420196533203
2.4193167686462402
4.076727628707886
3.1733314990997314
3.730078935623169
4.2673680782318115
1.9625625610351562
3.2492167949676514
2.8907198905944824
3.0423388481140137
2.4160444736480713
1.5044944286346436
3.9642038345336914
2.5506136417388916
4.873521089553833
6.667457818984985
2.523383855819702
1.6163105964660645
2.3806188106536865
4.885024309158325
7.467156171798706
0.1252613067626953
8.703749895095825
0.13277482986450195
5.801667213439941
4.27276086807251
3.1000237464904785
3.342557907104492
4.389651536941528
5.846024751663208
3.6959519386291504
2.9682140350341797
3.1880109310150146
5.6483073234558105
6.7342369556427
5.183966398239136
8.534653663635254
0.14404964447021484
4.550230264663696
3.4924962520599365
2.459221601486206
3.292896032333374
6.788275480270386
8.367352724075317
0.1399378776550293
3.012868642807007
3.9837958812713623
4.103352069854736
3.801363468170166
4.232085704803467
8.574023485183716
0.13693904876708984
5.674851417541504
5.588062047958374
8.300576210021973
0.13268780708312988
2.449204683303833
1.8429925441741943
3.2232444286346436
10.75385856628418
0.16810321807861328
6.999456405639648
0.12004756927490234
4.473739862442017
4.658902406692505
3.7127981185913086
8.734714984893799
0.13541817665100098
3.7813868522644043
0.6206498146057129
3.977262496948242
2.2402498722076416
2.98106050491333
4.565447568893433
4.538265228271484
2.4715631008148193
3.0794572830200195
3.9201695919036865
3.049290657043457
5.486854314804077
4.794422388076782
3.2635765075683594
4.129353046417236
3.962475299835205
8.880953073501587
0.13979387283325195
6.4964799880981445
3.6429920196533203
6.908724069595337
3.6045737266540527
4.053772926330566
5.956165075302124
5.377464056015015
4.46668553352356
4.390834331512451
6.583528518676758
5.699605941772461
5.625970363616943
3.3667964935302734
7.3735737800598145
3.6584970951080322
0.6083939075469971
4.028927564620972
4.197386264801025
2.898249387741089
4.626601219177246
3.4878432750701904
4.758846282958984
7.5855348110198975
0.12983202934265137
2.586352586746216
6.816132068634033
5.520085334777832
1.8031792640686035
6.520742177963257
0.49727797508239746
3.0927834510803223
4.7996437549591064
2.8186333179473877
3.9335312843322754
5.658498287200928
3.274285316467285
2.642576217651367
5.842292308807373
1.5210273265838623
6.991495132446289
8.854082584381104
0.13254117965698242
6.006056785583496
7.828446388244629
0.1250450611114502
2.7877767086029053
3.628343343734741
7.73845100402832
0.12451291084289551
7.96216893196106
0.12663602828979492
3.8494701385498047
3.954364061355591
5.276345729827881
4.152147054672241
1.5133576393127441
5.155267238616943
2.8023903369903564
4.113693475723267
10.572991371154785
0.16649365425109863
2.9269566535949707
4.395609378814697
4.629268169403076
4.047831773757935
4.570439577102661
3.740447759628296
3.119542121887207
3.5577797889709473
4.971487522125244
3.13533353805542
3.9170033931732178
6.0597264766693115
4.0194618701934814
4.052817106246948
9.024901628494263
0.1392049789428711
1.674440622329712
7.472835063934326
0.12769603729248047
5.626172304153442
5.765627384185791
6.6264989376068115
5.5693678855896
2.2234010696411133
5.67719030380249
3.2399098873138428
4.166835069656372
4.283979892730713
3.8047001361846924
7.496754884719849
10.686046123504639
0.16283750534057617
6.617032527923584
1.541536569595337
6.9035820960998535
3.838467836380005
3.163437604904175
6.0942418575286865
2.4186902046203613
4.219910621643066
3.966481924057007
2.269366979598999
7.474281072616577
0.11740565299987793
2.1606040000915527
5.797502279281616
5.169597387313843
6.837635278701782
4.194698810577393
4.713009595870972
2.98313307762146
4.168325424194336
1.733647346496582
6.004504203796387
3.603285789489746
4.1024158000946045
4.475378751754761
4.181022882461548
3.142017364501953
3.096714973449707
5.444820165634155
3.417318344116211
4.224938631057739
2.994968891143799
4.656292200088501
5.5300445556640625
6.781534194946289
2.2699460983276367
9.241249561309814
0.13765954971313477
3.8576090335845947
5.861072540283203
2.6818957328796387
1.6196556091308594
2.6445538997650146
4.480256795883179
2.137728452682495
4.370765209197998
2.6887171268463135
2.5567758083343506
3.7682042121887207
7.413556337356567
0.12334895133972168
6.061893939971924
3.663254976272583
6.804437637329102
6.864507436752319
5.622794151306152
2.211467742919922
2.21738862991333
4.059377908706665
1.9086863994598389
3.3568921089172363
4.79822301864624
4.951718330383301
7.016990900039673
5.890567302703857
4.641627311706543
8.872789859771729
0.1345195770263672
2.022378444671631
7.835561275482178
0.1223444938659668
1.3174986839294434
3.451254367828369
4.029073715209961
6.810712575912476
2.901066303253174
6.803381443023682
4.055500030517578
3.2199785709381104
4.151152849197388
2.612612247467041
4.254534959793091
3.1264185905456543
3.802227735519409
10.845661401748657
0.1639552116394043
3.4266152381896973
3.5497937202453613
3.0382864475250244
7.854698181152344
0.12774443626403809
1.5117895603179932
3.2191944122314453
3.444594621658325
5.905977487564087
3.0316407680511475
10.324730634689331
0.16118693351745605
3.7528936862945557
6.458436012268066
3.2197277545928955
3.023768901824951
1.7804474830627441
6.835300445556641
6.166254758834839
3.708369016647339
1.759225845336914
4.996546983718872
2.350512981414795
4.624023914337158
4.437799453735352
7.0459747314453125
3.3129220008850098
3.5258984565734863
3.4770901203155518
5.976553440093994
1.458449363708496
4.829883337020874
5.3967812061309814
1.739917278289795
4.542721748352051
2.789475917816162
3.8786139488220215
3.366074323654175
5.938084125518799
4.899420976638794
4.630449295043945
4.19118595123291
1.7799642086029053
5.723062992095947
3.0810482501983643
6.928252696990967
5.692342042922974
3.704392194747925
7.219479560852051
3.030855894088745
5.058619976043701
10.908903360366821
0.1744225025177002
3.8325817584991455
5.756096363067627
7.399650812149048
0.13415050506591797
3.449200391769409
6.090666770935059
3.056187868118286
5.259654760360718
4.21466064453125
5.828604698181152
7.624378204345703
0.12236142158508301
5.77947998046875
10.790741920471191
0.16438698768615723
6.417848110198975
8.48663854598999
0.1443328857421875
3.0073797702789307
2.6698453426361084
5.5650928020477295
6.819281339645386
3.596121072769165
10.720946550369263
0.15752410888671875
5.303019762039185
3.917442560195923
2.9121172428131104
3.8373026847839355
2.8334341049194336
6.91344952583313
3.0914340019226074
4.442184925079346
5.77263069152832
2.2756357192993164
4.936923027038574
7.351612091064453
0.12344789505004883
2.5780537128448486
5.831104040145874
3.3832433223724365
3.480783700942993
3.0914793014526367
2.867203950881958
2.249346971511841
3.85369610786438
3.183523178100586
4.4008543491363525
6.964799642562866
3.679094076156616
3.9790172576904297
0.7200839519500732
3.9636406898498535
5.888774394989014
4.283804178237915
4.223740816116333
3.887331008911133
4.112092971801758
4.753556251525879
7.117298364639282
5.5690460205078125
7.79850959777832
0.12311744689941406
3.893592357635498
3.0728940963745117
1.6991045475006104
6.253451585769653
7.194402456283569
3.3303654193878174
3.97342586517334
4.101747989654541
1.7615957260131836
3.256187915802002
4.7997448444366455
3.2002711296081543
3.4581472873687744
6.155189037322998
2.5816338062286377
1.6065990924835205
3.1485886573791504
2.472707748413086
5.409121990203857
4.1173059940338135
3.9904110431671143
3.1748273372650146
1.9549753665924072
5.02303409576416
5.803849220275879
3.1551830768585205
5.9798290729522705
5.498600244522095
3.113835334777832
3.3312113285064697
9.174525022506714
0.13253307342529297
2.1473395824432373
1.9835162162780762
7.19530987739563
0.47524452209472656
4.263632774353027
4.302335023880005
8.845766305923462
0.13457870483398438
2.97062611579895
3.5489230155944824
3.3275134563446045
3.3499863147735596
3.0920097827911377
11.604940176010132
0.16503286361694336
3.1494264602661133
3.0260884761810303
8.6317298412323
0.13294339179992676
1.7261841297149658
3.1947007179260254
6.838259935379028
3.2308645248413086
4.024088621139526
6.267196893692017
2.8071720600128174
8.014460802078247
0.12405085563659668
0.47599172592163086
2.616525650024414
3.1453335285186768
2.9853861331939697
5.122899293899536
5.707638740539551
2.3859572410583496
5.724040508270264
4.526773929595947
3.8719730377197266
2.907111883163452
4.8914923667907715
3.788095235824585
3.791393756866455
3.2629690170288086
3.580643653869629
3.190011501312256
5.928366661071777
4.869807481765747
4.237420320510864
2.2760324478149414
1.4883558750152588
6.005397081375122
2.1894118785858154
3.602221965789795
2.753199815750122
2.9589579105377197
0.6632757186889648
4.757938623428345
2.990492820739746
2.842543840408325
4.443678379058838
3.0788066387176514
