4.860544
4.875696
4.828698
4.797149
4.799042
4.6743526
4.733991
4.6542044
4.7232513
4.707803
4.6352506
4.594029
4.636201
4.5205483
4.6145105
4.466164
4.4144845
4.274579
4.324256
4.1442914
4.057041
4.436424
4.7490983
4.1443067
3.9905589
4.8001537
4.817529
4.367948
3.93076
4.3816223
4.742734
4.2683167
4.4670496
4.2145367
4.374186
4.7280536
3.9151995
4.2262406
4.4541874
4.3486967
4.1479607
4.4574604
4.2300487
4.266158
4.175786
4.440147
4.4308877
4.2550683
4.4300613
4.311664
4.0298843
4.5241776
4.077119
4.234942
4.48035
4.345995
3.8146763
4.3729186
4.175556
4.0718336
3.9937985
4.310069
4.14444
4.052766
4.3602357
4.447111
4.0257907
4.302008
4.333253
4.0540576
4.19546
3.5508366
4.4170732
4.4943213
3.9987435
4.2719755
3.822355
4.06458
4.4109936
4.3471093
3.7167213
4.236484
4.4235835
4.2661767
4.1162868
4.155806
4.3244143
4.2229276
4.334111
4.0979156
4.292943
3.7522545
4.0780654
3.8663445
4.0363145
4.152644
4.2540617
4.3033967
3.9043028
4.1000447
3.9880264
3.9361496
4.1030912
4.5255585
3.6124747
3.8531127
3.9308758
3.7846527
4.003351
3.981593
3.549482
3.786099
3.6989627
3.780193
4.2766933
3.6994612
3.658937
4.129029
4.109728
3.8624766
4.000557
3.79052
3.6483295
3.8663645
3.8971248
3.2842746
3.9019818
3.5642884
3.9256947
3.6880085
3.5878587
4.3022647
3.7835624
3.5790796
3.6485085
2.6167812
3.552402
3.4328034
3.3314238
3.2892296
3.285511
3.7299135
3.5077858
3.4539924
3.6378863
3.1037328
3.5823975
1.1389738
3.414907
2.8965256
4.4127364
3.0103931
3.2700398
3.555428
4.0721526
3.580572
3.4053252
3.323917
3.251849
3.616223
2.8552976
3.563733
3.18014
2.852712
4.0786877
3.4200978
3.351158
3.601168
3.3478885
3.2597194
3.5613065
2.8118596
3.672192
3.2953122
3.822883
3.407713
3.0025127
3.1326647
3.1432662
3.041975
3.2396758
2.6384294
4.0705805
2.495626
2.9257317
3.185916
3.2569802
3.1078181
3.1560624
3.1070793
2.3119745
2.8753312
3.6139276
4.005046
3.093946
2.8588152
2.464699
3.0689013
3.1983938
3.030182
2.9308743
0.7240925
2.889743
3.7151113
2.9892452
2.3809528
2.7851248
3.4020948
2.3048892
2.6500626
3.018316
2.866296
2.5994215
2.404249
2.89578
2.3934307
2.3400548
2.661372
2.578359
2.9495397
1.6735431
2.5297315
2.2797072
2.2568204
2.7740815
2.6591616
2.2847998
2.2349892
2.5531917
3.1654189
3.1175287
3.0646954
2.1786537
3.1393669
2.5851855
2.0485203
2.6810124
2.6281605
2.4194958
3.1703532
2.5738316
1.9013748
2.1077807
2.4977667
1.9292805
2.0073211
2.7924898
2.0305045
1.681159
2.1785128
2.4443011
2.639571
2.061481
2.328957
2.4016778
0.88739496
2.1176276
1.8830738
2.3905342
2.8148506
2.3307106
2.4250824
2.4904323
2.151191
1.344823
1.8102099
2.359191
2.3099794
1.9105973
3.613205
1.8500229
2.4681184
2.5331228
2.8271847
1.9538757
2.166748
2.3402982
2.222232
2.026028
2.1878393
2.1767297
2.5511463
2.2350025
2.199848
2.1372442
2.2606425
2.318348
2.2891397
2.0113916
2.1038997
0.52734584
2.914527
2.3528214
1.8140635
1.6092198
1.8029459
1.878274
2.1131208
1.951112
2.0880253
1.6868273
1.7882186
2.416504
2.2158232
1.7897956
1.8689836
1.6505802
2.2140982
2.1551287
2.3805153
1.0533923
2.0496638
2.769434
2.1146061
2.2712152
2.4790354
2.1685581
2.4020286
1.8517339
2.0766387
2.3016438
2.5693307
2.635931
2.056332
2.5146503
2.065005
2.1355052
3.2208588
1.9109213
1.6541171
2.3397574
2.436229
2.1975045
1.608183
2.1846273
1.9085885
2.4786203
2.396264
2.5313919
1.793541
2.057658
1.658201
1.927956
2.009187
2.0092542
2.1767123
2.1662903
1.6761022
1.8985153
1.8214651
1.9984963
2.7083175
1.1029059
2.0347188
2.0763528
2.0385823
1.8760911
2.0311477
1.3595659
1.7150949
1.8042147
2.3226388
2.1596487
1.609741
1.7788821
1.784557
3.0758994
1.8321279
2.1009154
1.7161679
1.6827347
2.0081208
2.3081796
2.0065622
1.4188828
1.6217797
1.4204819
1.9343169
0.70976
2.6005704
1.1426679
1.7657039
2.2499616
2.1143026
1.9614768
2.111002
1.8686275
1.7546991
2.233423
2.5776846
1.6539278
2.1098368
1.8362962
1.6448003
2.5277786
1.6794271
2.3574362
2.024219
1.5491909
2.5016913
2.1500614
1.9232867
1.5458195
2.262908
2.0077996
2.5951006
1.6478001
2.958411
2.2966216
2.0492442
2.0992646
1.9414524
2.2390642
1.6848086
1.551816
1.6279693
2.1098676
1.9955819
1.2339915
1.8637706
1.9673007
1.663694
1.8977938
1.5176028
2.180996
2.273744
1.5627631
1.9276733
1.7368435
1.781252
1.9262995
2.0429902
1.9816335
1.803804
1.6553373
1.7558758
1.4566591
1.3876823
1.5454565
1.2340175
1.3889096
1.8412207
1.3858842
1.3347672
1.8291632
1.4837794
1.4715223
1.794834
1.4615778
1.7028967
2.0859685
1.600615
1.5731574
1.6532798
1.6631432
1.1603065
1.6745422
1.0821587
1.7566403
2.5513453
1.6378042
1.8170818
2.0954216
2.108162
1.6826084
1.7889292
1.3986807
1.6698215
1.2382734
0.8458898
1.1247989
1.5725098
2.1209118
1.5104771
2.0320542
1.9930348
1.4605384
1.7646816
1.6005625
1.6765872
1.2621793
1.9632454
1.5720819
1.7641692
1.2835538
1.6781149
1.6487631
1.5252094
1.8564094
1.2661178
1.5083703
1.593593
1.7180737
1.5956736
1.613847
2.0356867
1.5845059
1.6757355
1.3779157
1.6497847
1.4255015
1.836202
1.6095843
1.5905905
1.4287343
1.8036872
1.6938618
1.7251567
1.2635642
1.3436569
1.6446391
1.8067366
1.599038
1.538161
1.2419927
1.9635333
0.7475819
1.4164549
1.7413274
1.5091684
0.58561045
1.8486712
1.7988806
1.440403
1.5797347
1.815493
1.6829909
1.6536752
1.7540339
1.4802399
1.3437616
2.2481084
1.0698359
1.0804102
1.6999803
1.7814099
2.051186
2.1374257
1.824029
1.3352164
1.8202953
1.3203412
1.7585473
1.7555755
1.3491766
1.4416672
1.5901132
1.8186903
1.5798383
1.8208659
1.7154331
1.9092344
1.2327101
1.7339731
1.7147328
1.3355904
1.2005894
1.6517096
1.731713
1.1545018
1.5412617
1.6513771
1.7978363
1.5107979
1.7156472
1.4725971
1.4139984
1.6081433
1.5561005
1.5057886
1.7885597
1.8122191
0.9685955
1.763147
1.8752459
2.0280962
1.3585451
1.3483421
1.7199808
1.50386
1.5447357
2.0419548
1.9594846
1.5582726
1.3349605
1.9070383
1.3243619
1.6921686
1.7242105
1.8661858
1.5725527
1.5831833
1.5293218
1.6686059
1.9590963
1.4989794
1.1087599
1.7570267
1.6094229
1.6485238
1.5377283
1.6300509
1.3557194
1.5870514
1.3388543
1.2457775
1.4465138
2.1502194
1.6397828
1.6065515
1.4633204
1.6329997
1.6787959
1.7038952
1.6735387
1.3898727
1.5553658
1.8317178
1.5899036
1.5587528
1.8912066
1.5243669
1.9108757
1.9087274
1.2313592
1.4608951
1.7209116
2.0621622
1.4169838
0.887454
0.6972114
1.6054721
1.4543483
1.3500384
1.4313046
1.4036608
1.5144843
1.8276601
1.9131174
1.3648146
1.951611
1.5421863
1.2479646
1.6342014
1.4014938
0.5266424
1.2106175
1.4550457
1.4866657
1.5472764
1.46597
1.5684867
1.3743018
1.6322671
1.7835376
1.1780134
1.640057
1.3885729
1.1225705
1.4783908
1.4122144
1.0930494
1.669031
1.2821885
1.5672711
1.450071
1.7686013
1.7388576
1.6553751
1.5720402
1.2700955
2.4099362
1.3514402
1.450924
1.3406873
1.8065459
1.3145424
1.1203649
1.2661496
1.5384887
1.6406538
1.5896411
1.2021693
1.1823554
1.7478278
1.3736242
1.1379021
1.7197334
1.1775253
1.3016086
1.5679432
1.4796838
1.3467336
1.603107
1.2581899
1.4746546
1.5171554
1.6085049
1.9095191
1.7259067
2.1715221
1.5461514
2.2380865
1.6241653
1.7124509
1.8077338
1.2775577
1.3209608
1.0585192
1.4462061
1.3328174
1.2068828
1.2056373
1.6852041
1.6248229
1.6433853
1.2642888
1.4017289
1.3953921
1.2239805
1.4949654
1.5592161
1.461869
1.268419
1.0972393
1.4418696
1.2017733
1.2660234
1.5297251
1.3964186
1.4339019
1.5695275
2.022086
1.4020739
0.44142842
1.4659296
1.1236637
1.5062884
1.2500132
1.6143783
1.2897321
1.4528847
1.4036714
1.4698739
1.5006154
1.5836977
1.6286025
0.903775
1.350409
1.5639176
1.2952226
1.646704
1.2148356
1.2000452
1.1871138
1.3673712
1.5428259
1.9214125
1.40115
1.2255675
1.3497194
0.33427954
1.2719553
1.5897186
0.89407456
1.2266182
1.639039
1.711752
1.4345571
1.1019307
1.8316265
1.5789243
1.4061937
1.1475744
1.5232165
1.4552937
1.9863603
1.2163123
3.0251157
2.1280537
1.7256073
1.7897217
1.7388154
1.2589942
1.2742261
1.7358336
1.8283281
1.1675972
1.600381
1.3473037
1.1249952
1.2666649
1.5081071
1.7224323
1.1868893
1.5737813
1.6777469
1.3612181
1.2562522
1.8692281
1.5707521
1.3071898
1.5966934
1.3940978
1.3297741
1.3055172
1.0865299
1.5916662
1.7711388
1.2654004
1.2652175
1.2665896
0.6713556
1.2842537
0.60347116
1.6386172
1.3907079
1.2138199
1.4030138
1.5623312
1.5032827
1.2869216
1.7844759
1.581789
1.6873927
1.414875
0.4629289
1.5826696
1.1450404
1.1517787
1.6784965
1.1696384
1.42602
1.3960091
1.3635373
1.364427
1.5674125
1.4971907
1.1579345
1.3691297
1.3797221
1.4632511
1.1054635
1.3959924
1.2972786
1.3869811
1.3053839
0.78956133
1.3639725
1.3055513
1.3756713
1.0889233
1.6295644
1.2059168
1.4685103
1.1502222
1.1865405
1.3457823
1.5255766
1.2371763
0.70796496
1.8144414
1.4406035
2.1641421
1.1928011
0.7619944
1.2079439
1.6849221
1.2452471
1.4382385
1.5538616
1.2670828
1.2431167
1.2127576
1.417619
1.2139292
1.5381436
1.4208362
0.8518706
1.1337332
1.3454419
1.936367
1.1332268
1.3288009
0.41248718
1.1760771
2.4619136
1.3886
3.443398
1.2716411
1.6615585
1.8268942
1.4249821
1.3160458
1.1074994
1.4833755
1.385163
1.621266
1.6418073
1.6056558
1.2145667
1.4961617
2.8893034
1.2683327
1.3557317
2.9930174
1.6316439
0.82728744
1.9507809
1.8705081
2.1910443
1.5076483
1.8534623
1.5742166
0.35765725
1.6858667
2.0765035
2.117773
2.376128
1.7976469
1.5566221
1.9397982
1.7551101
1.7887294
1.7767515
1.8281752
1.4861033
0.32567817
1.3375593
1.3158187
1.5012753
1.9562678
1.4968997
1.7875081
1.2708392
1.4358866
1.9301492
1.4119296
1.7589988
1.6658386
1.1671203
1.4382763
1.7175112
1.4275392
2.4030519
1.6620497
0.89116853
1.7600058
1.2042357
1.5673712
1.5504556
1.3792503
1.2054768
1.6716799
1.2579074
1.5790932
1.4528334
1.8131307
1.7344203
1.8277088
1.4279419
1.5996921
1.4317538
1.1705257
1.1422637
1.1675509
1.3516685
1.4027934
1.1533598
1.3354708
1.2011366
1.6540076
1.3588562
1.1261383
1.37059
1.4435707
1.9516023
1.4698452
1.1271791
1.2051721
0.87182
1.4987167
0.9737012
1.4723475
1.1537769
1.1989368
1.1681578
1.2555451
1.1362876
1.3925157
1.3880612
1.0593857
1.5962927
1.6132315
1.740549
1.5695541
1.4641165
1.4911413
1.5535065
1.1419963
1.6744595
1.5681769
1.4896288
1.5978795
1.4877462
1.1453332
2.256135
0.7025905
1.6685859
1.4344648
1.4172629
1.6232805
1.4693975
1.5511789
1.0348818
1.6741457
1.4694866
1.1954114
1.3254199
1.5256578
1.035473
1.5588897
1.1622227
1.1119876
1.4194558
1.4242297
1.4268382
1.2459791
0.39807302
1.2136754
1.2436877
1.9009864
1.3955138
1.3405229
0.88143975
1.378292
1.1119237
1.4765937
1.4885958
1.0822805
1.2973588
1.1747035
1.2756935
1.6156759
1.0255524
1.2188606
1.3045136
1.4699765
1.6977097
1.0905936
1.3489618
1.2610481
1.4988983
1.4101769
1.4318029
1.0344375
1.1386293
1.2610282
1.6407325
1.4592762
0.76701355
1.3697848
0.7556356
1.6553609
1.149648
1.2481853
1.0995499
1.1213814
1.3353455
1.2041738
1.326656
1.4201802
1.4913398
1.1157714
1.0936862
1.3375225
1.2141159
1.4500724
1.3322103
2.017923
1.4911236
1.5027386
1.5960081
1.178906
1.2703046
1.5061694
1.6870084
1.5099825
1.0908276
1.5551456
1.4140416
1.0713146
1.1991174
1.1712153
2.3226695
1.5013552
1.3177826
1.4080946
1.1879605
1.7068771
1.166303
1.424985
1.4185772
1.4156058
1.0805516
1.2793257
1.627991
1.3542188
1.1211438
1.5491872
1.3702154
1.4112781
1.3243259
1.1449612
2.1886206
1.6557033
1.378501
2.0373714
1.0274564
1.2054914
1.2814115
1.2462932
1.3279977
2.0888224
1.2831635
1.4428062
1.0468881
1.2180624
1.3318242
1.3657206
1.0982974
1.1587323
1.3977278
1.3026929
1.656008
1.4446508
1.6920117
1.1276667
1.325822
1.6692389
1.4718915
1.5243696
1.0279263
1.5311034
1.0783019
0.98878735
1.2396055
1.449311
1.0762488
1.386789
1.6858295
1.4684716
1.2847878
1.0287383
0.6628641
1.3825268
1.5253376
1.4768232
1.2937868
1.4328693
1.5834546
1.1118764
1.1789453
1.005994
1.4496199
1.0012712
1.2148163
1.191069
1.4823415
1.6403747
1.4348816
1.4120411
1.3895524
1.5536362
1.36602
1.6059324
1.9899174
1.172722
1.4205016
1.1833377
0.74543875
1.7835492
1.2886254
1.2630394
1.11415
1.3924284
1.4680226
1.3821831
1.4742354
1.1135105
1.2297286
1.1043468
1.2839282
0.58184856
1.1203392
0.6886972
1.4177027
1.6842397
1.008325
1.1006956
1.2556741
0.9484876
1.350338
1.4947145
0.9990022
1.0502131
1.44259
1.5315682
1.5428439
1.60863
1.2047408
1.2378194
1.269623
1.0748918
1.5412468
1.4940034
1.2885878
1.5698477
1.5602366
1.432295
1.2656568
1.0701605
1.3918668
1.5768049
1.1939651
1.0601119
1.5946419
1.0471178
1.3518898
1.50365
1.9586295
1.0826757
1.1436796
1.1626345
0.99229395
1.132995
1.2570196
1.0420158
1.4489138
1.4746269
1.2243555
1.1373111
1.0175587
1.3358445
1.3518115
1.4235435
1.0341773
1.3818517
1.0809023
0.6784757
1.1733242
1.2650725
1.4480563
1.2610087
1.1078264
1.3414369
1.1570771
1.4801378
0.9157798
1.3015666
1.0599326
1.4069436
1.0195812
1.0026063
1.3693942
1.1013758
2.2018135
1.3004907
1.191371
1.3215864
1.5481155
1.0623698
1.175374
2.1524036
1.2454625
1.4004766
1.0956236
0.698125
1.540458
1.0524641
1.2829664
1.4756486
1.350678
1.4045498
1.9875667
1.439364
1.6034412
1.4247121
1.3718892
1.8032032
1.3669691
1.344499
1.16092
1.4117827
1.1384424
1.4943258
1.250128
1.2270765
1.2144405
1.2800596
1.1203241
1.33479
1.231092
1.1549461
1.9694254
1.0909339
1.5766537
1.506159
1.4016571
1.1010877
1.0049888
1.2972273
1.1574467
1.4258623
1.4350576
1.125309
1.1288452
1.4837059
1.2776345
1.4441795
1.4360822
1.2992618
1.2050911
1.310133
1.4512489
1.4505059
1.3875375
1.1960776
1.3131418
1.2110547
1.3959277
1.1822333
1.3409454
1.4188616
1.3728385
1.3639627
1.564058
1.1772336
1.4908392
1.2762297
1.2408845
1.4551187
1.4705333
1.8611169
1.4755224
1.0342506
1.1066239
0.64490294
1.3576083
1.5391676
1.3692846
1.2489699
1.4706439
1.7112384
1.4003843
1.3099592
1.1866951
1.3701878
1.4325827
1.5633461
1.529022
1.4567643
1.1938848
1.1664189
1.5671077
1.5028228
1.5370915
1.3183246
1.0999426
1.3380699
1.4896833
1.5183696
1.3742019
1.4625446
1.322633
1.5450622
1.7629337
0.85035115
1.1859301
1.4058603
1.3996814
1.5264169
1.1842257
1.2063572
1.4204413
1.515296
1.4397609
1.5153162
1.5336261
1.1705953
1.2920271
1.2708151
1.3556948
1.2333477
1.6210892
1.6765652
1.6033319
1.554644
1.4784619
1.514148
1.607214
1.5458734
1.485353
1.198231
1.423163
1.7883079
1.3655457
1.2769469
1.459003
1.704742
1.5262221
0.72998524
1.3381755
1.1951789
1.5403279
1.3472054
1.308973
1.2685268
1.3415017
1.132475
1.1613693
1.5092853
1.142693
1.4887962
1.3539835
1.9379084
1.332606
1.1775843
1.1910077
1.4560269
1.1362302
1.1420432
1.4414074
1.1023699
1.2639699
1.2234454
1.5426314
1.2074542
1.0819739
1.3022003
1.3173465
0.94381094
0.97316515
1.3564134
1.3048855
1.2195241
1.3489252
1.1821251
1.134346
2.0478518
1.3448957
1.179065
1.0469148
1.0767175
1.4374008
1.2883954
1.118354
1.8873833
1.165895
1.8259917
1.0947636
1.2366915
1.3315413
1.2017586
1.3161314
1.1518769
1.3672777
1.3550199
1.4607364
1.1711247
1.4607896
1.4739021
1.1362811
2.0147526
1.1694471
1.4158715
1.0713075
1.5751925
1.1356248
1.1062602
1.4171591
1.4407108
1.4280541
1.1282827
1.6035647
1.3381749
1.0832664
1.50935
1.120413
1.463596
1.1833849
1.1529244
1.3828044
1.1543832
0.65008694
1.3883438
1.1677034
0.45948046
1.0517088
1.4159589
1.3550861
1.3534312
1.3550711
1.5722249
1.3114548
1.0621994
1.1394775
1.281298
1.490879
1.5038481
1.6707901
1.3746668
1.0853208
1.3285979
1.376105
1.4325038
1.0236821
1.3161813
1.2900178
1.0251505
1.2789665
1.3292315
0.9854564
1.2173754
1.0051595
1.3268524
1.424474
1.0971799
1.3709283
1.1566752
1.0948358
1.5600297
1.0759028
1.0627054
1.2257112
1.211979
1.1564778
0.984115
1.1025258
1.9417284
0.70825016
1.26876
1.1379673
1.3375448
1.3384836
1.1065688
0.9329622
0.9762823
2.0389886
1.4142256
0.89293694
1.1083814
1.1646284
1.0429772
1.5896611
1.1150997
0.598656
1.475115
1.2869447
1.4903907
1.4767925
1.2621291
1.0812726
1.1114265
0.97397447
1.4327255
1.4304988
1.4079608
1.6508926
1.2142123
1.206547
1.9442124
1.1300416
1.3361903
1.4440467
1.6233933
1.2808076
0.8402527
1.1158787
1.3277557
1.5555031
1.0495986
1.2235953
1.1889046
1.1191345
1.1776962
1.1688497
1.1565024
1.5336053
1.0987092
1.4226354
1.3967581
1.587472
1.076651
0.7766518
1.2615155
1.4658046
1.0120203
0.9954227
1.1445566
1.5371196
1.4078349
1.3734112
1.3569378
1.2351147
0.9785517
0.9498836
1.2635503
0.89285386
1.0984598
1.0855811
1.3032466
1.3348318
1.0959855
1.2707247
0.9546771
1.1081742
1.1506766
0.9091364
1.3801807
1.0437071
1.3161069
1.1356403
1.1258745
0.62398577
1.2052686
1.1443024
1.4256421
0.9779481
1.0158346
1.2668259
1.0233831
1.0960249
1.2981931
0.96627784
1.464836
1.3281881
1.2180943
1.2900238
1.386269
1.2597065
0.9632944
1.0443788
1.6278791
1.3684605
1.0690125
1.9074581
1.351572
1.0216751
1.0450379
1.8970587
0.9696394
1.1723955
1.3106797
1.2361548
1.2930667
1.2921456
1.6422366
1.2236567
0.9347847
1.2308596
1.3535978
1.0476491
1.1287767
1.1022824
1.1696806
1.4237179
1.228086
1.3657881
1.4149987
1.2173533
1.4369702
1.4348543
1.3813806
1.1935908
1.3638264
1.1805354
1.0500468
1.8197098
1.3697017
1.2928082
1.3654451
1.3867216
1.0107846
1.363873
1.2005928
1.1745179
1.1014539
1.1529022
1.1206759
1.3270177
1.3817037
1.1456411
1.4919547
1.2059529
1.0316514
1.210205
1.2384576
1.3337641
1.2512453
1.1439651
1.189184
0.40115267
1.377243
1.3162258
1.3224045
1.180413
1.2197806
1.1102865
1.4068848
1.4080665
1.269948
1.1984173
0.9822264
1.0640149
1.4531784
0.9513385
1.1556975
1.23781
1.3893455
0.9691284
0.7906699
1.0401998
1.3319813
1.324832
1.1077346
1.3516383
1.4096388
1.9471514
1.1680915
1.3158337
1.4837104
0.9800773
1.3119353
0.8954381
1.1995033
1.096143
1.2834951
1.0943019
0.94431716
1.391236
1.8975351
1.4151312
1.3229296
1.390048
1.2343407
1.345007
1.3402208
0.96802235
1.3381914
0.96893793
1.1675164
1.2958382
1.2468413
1.539638
1.3476025
1.3508866
1.2356172
1.3527362
1.2224025
1.1284556
1.1801573
1.3063897
1.1587857
1.0336629
1.08255
0.9332683
1.5479412
1.4506301
1.1883748
0.95719165
1.33789
1.0505081
0.62123656
1.1750885
1.1202921
1.2715931
1.4417492
1.3767601
1.1942925
1.2487147
1.074759
1.1618956
1.0907129
1.6541113
1.2536423
0.90999997
1.2881861
1.2084496
1.3711897
0.96910816
1.3538938
1.2856846
0.97110015
1.6136765
1.2729826
1.3865308
1.0874898
0.36360344
0.93758994
1.0916821
1.5786511
1.1179278
1.2201008
1.1845269
1.1365119
1.0328724
1.1006706
0.9315814
1.2849147
1.2146647
1.3439795
1.064248
1.5122563
1.2076312
1.0001014
1.3359799
1.3011594
1.0807303
1.3539605
1.3465301
0.93776506
1.0207381
0.9721525
1.2669923
1.1317176
1.4297947
0.91313004
1.0477731
1.250198
1.4752356
1.379628
1.3789971
1.0072525
1.0126792
1.083469
1.0414425
1.4420924
1.4078226
1.1260087
0.90158314
1.22297
1.3652654
1.4204236
0.9860947
1.409841
1.3723702
0.95897734
1.3425295
1.0575987
1.1919129
0.73602194
0.886973
0.7077118
1.408777
1.2708727
1.3911939
1.0454401
1.0867163
0.41065815
1.168765
1.2094959
1.0341918
1.365733
1.129997
1.2305307
0.6708797
1.4554603
0.92256695
1.3339032
1.0906086
1.4296943
1.3256254
1.0947015
1.2763655
1.46533
1.2512466
1.1840904
1.4453508
1.0280982
1.19669
1.1715454
1.230329
1.4257392
1.3054811
0.98237115
1.4180838
1.1536357
1.2907401
1.3764769
1.6913344
1.2247714
1.5217649
1.2809912
0.41520205
1.4167928
1.4170388
1.4494661
1.3968523
1.2842768
1.4657105
1.2367436
1.3618437
1.3492541
1.2727665
1.2775525
1.344265
1.7791848
1.3042885
1.2635534
1.786866
1.1948515
1.1913013
1.2907131
1.3539516
1.1299053
1.3693595
1.8630607
1.2425023
1.5466685
1.053568
1.1591429
1.2307962
0.64121014
2.0234363
1.1172584
0.7985107
1.43738
1.4721556
1.3408456
1.3477467
1.6343876
1.5331573
1.4409482
1.3191353
1.2673073
2.00596
1.155762
1.5898644
1.3810955
1.2047907
1.1258361
1.0894556
1.2182119
1.2337066
1.1789048
1.0591284
1.2821357
1.2462332
1.4822633
1.024032
1.3347749
1.3696226
1.2799412
1.276488
1.1193134
1.3442951
0.99720937
1.2202067
0.43274847
1.0247859
1.3590999
1.4419773
1.0394068
1.0544065
1.7813646
1.4380169
1.3972901
1.4255598
1.3303345
1.2988573
0.9432782
1.8625011
1.3544658
0.9579668
1.3367822
1.3290775
1.2157711
1.0197642
1.2627106
1.3647281
1.117346
1.1343127
1.208336
1.3884833
1.207383
1.2866875
1.2481549
1.2898564
1.3963215
1.2746068
1.4719018
1.1015959
0.31591937
1.3599648
1.3438619
1.2144172
0.9817721
1.3406625
1.3422432
1.1884985
1.3805019
1.1860198
1.2379577
0.90883285
1.3287948
1.0020076
1.1878533
0.86833394
0.85910505
1.1321467
1.3459024
1.0065324
1.3317156
1.301625
1.145845
1.3535353
0.94869065
1.3252087
1.2609019
1.5720006
1.1273496
1.3948107
1.0997827
1.3036586
1.1983517
1.1878145
1.3281268
0.9146446
1.3449354
1.3488824
1.2024194
1.1257025
1.0821761
1.0101388
1.1342161
1.0007493
0.9938408
0.9698359
1.2490736
1.2344627
1.4410847
1.1275887
1.2695432
0.99924266
0.9906502
1.1623338
0.9513134
0.9453506
1.1944312
1.1993638
1.1829294
1.2613251
1.0436743
0.9190227
1.3899493
0.7138272
1.2943898
1.3080971
1.1786944
1.2487829
0.9643015
1.1531165
1.2073405
0.87251747
0.6840277
1.0640439
1.8450654
0.9097487
1.2593876
1.6247174
1.2131672
1.190014
1.2667975
1.3255713
1.2076477
1.2567068
1.238293
1.1868799
1.9184933
1.3273275
1.4112388
1.2967519
1.1170174
1.3985103
1.2431629
1.0547673
1.444349
1.3690373
1.0357498
1.8524253
1.3190463
1.2733709
1.0435852
1.8709509
1.3255943
1.3907428
1.050796
1.0672011
1.1390198
0.9446757
1.0314863
1.1490114
1.2484478
1.3310965
1.4109504
1.4196761
1.1051458
1.0236006
1.473636
1.2616706
1.1124085
1.0125471
1.3032258
1.0627254
1.1155418
0.418264
1.2988553
1.3245294
1.3760438
1.326769
1.327623
1.0119771
1.4604172
1.2597381
1.0986183
1.2938591
1.3721969
1.2273657
1.2762369
1.1952854
1.3686464
1.3221564
1.3877063
1.468677
1.2792976
1.3261343
1.2395945
0.7232704
1.759441
1.3326886
1.3971646
1.3572736
1.2349734
1.0675284
1.3338294
1.3200573
1.2458211
1.2102265
1.1862217
1.3125763
1.1459197
1.288675
1.2402817
1.1230204
1.5417337
1.2916851
1.1838028
1.4318011
0.87407696
1.091908
1.0386139
1.1708117
1.0048108
0.9265837
1.393043
1.484593
0.98982924
1.2490511
1.0089072
1.3001571
1.1982647
1.3367307
0.9928467
1.2598684
1.3212163
1.1637784
1.0516696
0.88954616
1.1823869
1.1797966
1.1390381
1.0050023
1.3791893
1.2092247
0.9423235
1.3399671
1.3485582
1.2708519
1.2757648
1.0694662
1.0896788
1.0720114
0.31799203
0.9395228
1.0717863
1.3394396
1.1874627
0.6915209
1.3662288
0.6686743
1.25163
0.9812839
1.1530594
1.0449688
0.28612953
1.241641
1.3151306
1.0147517
1.006453
0.761273
1.0955558
0.95000935
1.0414586
1.0050913
0.98503757
1.3479667
1.129885
1.6296964
1.3459572
1.1204188
1.1500779
1.15954
0.8998658
0.9965778
1.1038451
1.2573651
0.9614572
1.0763468
1.3399453
1.2184942
1.1341242
1.808199
0.99231213
1.1572878
1.0578927
0.6645262
1.7796549
1.2880934
1.1237818
0.98030466
1.1250591
1.1709255
1.3403668
0.9891665
1.5398909
1.1551822
1.3094894
1.2962948
1.5504677
1.0616018
1.0621403
1.8455586
1.1799953
1.2932197
1.2772809
1.2654839
1.1567106
1.1231321
1.4962444
1.0638306
1.0303776
1.7115738
1.0359696
1.3768798
1.1271498
1.1036907
0.9747822
1.0966018
1.3817381
1.2712978
1.4030384
1.2736269
1.5922484
1.137827
0.96130997
1.022415
1.3032779
1.1517253
1.3394047
1.2879192
1.4895791
1.2858461
1.0619988
1.4635078
0.9948225
0.8889597
1.0707563
0.9255753
1.1597879
0.87950796
0.8827176
1.1869512
1.3966428
1.3802931
1.2622395
1.7066251
1.5132669
1.2693729
1.504587
1.1652938
1.1068764
1.2501861
1.0819886
1.2460326
1.1640943
0.9897137
1.84604
1.3712565
1.2913679
1.1275457
1.2907839
1.2526606
1.1283798
1.233164
1.2598943
1.0297389
1.3260539
1.1979402
1.3928539
1.2118183
1.188184
1.0779568
1.0521952
1.0802863
0.8372094
1.4839691
1.1498195
1.2010372
1.1906977
1.148847
1.0612284
0.38984087
1.0574756
1.2602538
0.9840075
0.92405015
0.8673821
1.1639422
1.0624894
1.0561631
0.28927806
0.92208743
1.0368518
1.7367675
1.0720071
1.2296822
1.11477
1.0018921
1.1040673
1.1109256
1.2268348
1.0802238
1.0639315
0.67607856
1.111104
0.9037857
0.928182
1.2775446
1.0178497
1.3736236
0.905257
0.65687126
1.5455106
1.0836416
0.8710324
1.2687811
0.96084744
0.86196196
1.1806809
1.0367727
1.2702796
1.3167717
1.0287375
1.1066535
1.1710186
0.68332654
1.3705369
1.2325754
1.1600077
1.080857
1.236972
1.1086142
1.2004695
1.0093817
0.9702744
0.8385758
0.99789774
1.6862512
1.1268655
1.4027276
1.1790334
1.0017049
0.9638758
0.9015148
1.2544205
1.1447825
1.2156342
1.2312284
1.3678974
1.1150774
1.0897341
0.95332605
1.0761644
0.8174953
1.1711844
1.2769443
1.0699034
1.2304646
1.037478
0.34431145
1.0303572
1.2032298
1.2940714
1.1440569
1.148584
1.0107388
1.6715088
1.2329965
1.088985
1.3398099
1.2323865
1.2303963
0.90747833
0.8481532
1.2788343
1.195414
1.2316761
0.91518176
1.1831697
1.3390372
1.2013386
1.0987419
1.268102
1.0478077
0.96644205
1.1847879
0.7109781
1.2872922
1.2691693
1.1483053
1.2422284
1.3083405
1.3828307
1.1623765
1.1727213
1.1462076
1.1810907
1.7880203
1.100687
1.2874694
1.2950243
1.0017965
1.2016222
1.1988593
1.2551152
1.077727
1.1011212
1.188608
0.86422044
1.0429338
1.2045419
1.3210123
0.88376427
0.962515
1.0955815
1.0367653
1.27482
0.9265182
1.2202611
1.1196815
1.2482791
1.2137015
0.8929737
1.0852457
0.92933613
0.95785683
1.0509318
1.1688387
1.1101809
0.994276
1.6684363
1.1463678
0.98160326
1.6292795
0.9087638
1.0209805
1.0739121
1.035286
0.8883635
1.0328391
1.299492
1.0070472
1.2944487
0.9883409
0.870481
0.9649236
1.0298594
1.0862508
1.1069168
1.1250091
1.1709816
1.2560614
0.8475558
1.2728478
0.9993905
0.6853241
1.0594424
1.1232646
1.2477894
0.99697095
0.686875
1.241633
1.0836842
1.1349648
1.003709
1.4127212
1.2695258
1.122185
0.9326775
0.9779456
1.2601719
1.228822
1.0411029
0.9719548
0.9476757
1.2293679
1.0486802
1.2612896
1.2772236
1.2602072
0.952379
0.97485197
1.0801955
1.0276577
1.0128031
1.0912813
1.3238136
1.0328115
1.2492236
0.8942619
1.1900463
1.0971493
1.7841265
0.7289811
1.1259046
1.1619871
1.2065266
0.99275947
0.3577246
1.3288664
1.2570735
0.67636466
1.0924203
1.2226267
0.88688827
0.9757937
0.6287886
1.368664
1.1257547
1.1511157
1.281829
0.97199446
0.8383682
1.3455422
1.3449746
1.2502497
1.2242657
0.8495382
0.981173
0.8599959
1.3647465
1.596619
1.1523378
0.8660012
1.139864
0.95717514
0.9260602
0.85741717
1.3159908
1.0586436
0.29131815
1.1241921
1.8020636
0.9118464
1.4128857
1.8001548
1.2550381
1.0875908
1.2526109
1.3271604
1.1863117
1.1996096
1.3849669
1.5073407
1.5497515
1.2354422
0.70552295
0.95371765
1.080526
1.3514553
1.065415
0.64466536
1.4800004
0.9045274
1.0358205
1.1321254
1.3180718
0.92257833
1.6282345
1.0340719
1.5654476
0.87744284
0.8631847
0.9099335
1.2323908
1.0491413
1.3425498
1.9958559
1.6861662
1.4959173
1.1692845
1.2925403
1.1283028
1.358508
1.1241636
1.1031069
1.5047967
1.032289
1.2525202
0.9488761
1.0724815
1.1944553
1.3440772
1.2445264
1.2641895
1.2978818
1.270891
0.945374
1.8485711
1.3355132
1.4626083
0.8788074
1.2513826
1.0894395
1.2380565
1.0308598
1.1396348
1.2092175
1.2523314
1.3278743
1.1771132
1.0420066
0.31915358
0.95488757
1.2489632
1.2891796
0.8556322
1.2398874
1.1896669
1.3537906
1.168145
1.160426
1.0471696
1.3161294
1.1884198
1.2835513
1.3416771
0.8798749
1.0933656
1.2967924
1.062299
1.7903353
0.8955086
1.2210482
1.3546989
1.1727575
1.0276687
1.3201798
0.9444811
1.2359371
1.1401197
0.6334327
1.0357683
0.90200144
0.91108286
1.1506253
1.0585473
1.3874049
0.9673964
1.2313039
1.0876161
0.89876676
1.2226031
0.85173255
0.95274144
0.7126715
1.012535
1.0726765
1.1743513
1.2446423
0.8757068
1.0843227
0.9752394
1.969585
1.1584796
1.9433812
1.153897
1.2519768
0.94390255
1.5133595
1.1337079
1.1405516
1.2756033
1.2851726
1.2116084
1.0969938
1.3274107
1.2261676
1.3116145
1.1551781
1.0849549
1.2253215
1.1375538
1.071516
1.272855
0.88394684
0.90232867
1.3304083
1.3304275
1.1320844
0.6184769
0.6157645
1.4022406
1.2567043
0.8896639
1.3415967
1.0068576
1.2202386
0.83833134
0.8452595
1.0068085
1.3866905
1.0794146
1.3875158
1.3507354
1.7642883
1.056964
0.72919506
1.2318121
1.2759436
1.1143968
0.9229527
0.82735837
1.1863923
1.1037953
1.0884202
1.2620267
1.1283183
1.1175201
0.92475474
0.98167676
1.2005945
1.2183006
0.96626246
1.0657912
0.9627207
0.9215814
0.83006674
1.0283253
1.1755264
1.0226628
0.9842436
1.2080971
1.1406764
1.1633409
1.2204471
1.097344
1.2011764
1.1241554
0.9400263
1.2362831
1.2340797
0.9032368
1.142395
1.1375465
0.6992593
1.3471025
1.1430069
1.0719908
0.5884046
1.3583511
1.3362335
1.2765977
0.97584796
0.9074117
1.2629142
1.3258146
1.0679445
0.84716475
0.7030759
0.99086046
0.46202976
1.2391663
1.290723
1.2927297
1.2686012
1.0037603
1.1593523
0.9212251
1.1403239
1.7726029
1.0953642
1.1428975
1.23232
1.2090029
1.1319213
1.0323714
1.1238977
1.0919152
1.358173
1.217548
1.0315431
1.0261889
0.99899364
1.0647849
1.39789
1.1189905
1.2922316
0.86771387
0.91700506
1.1719333
0.7509646
1.2509005
0.918524
1.2385786
0.8190854
1.191791
1.1172535
1.072503
0.94719803
1.2938242
1.1745797
1.1996733
1.1728224
1.2416916
1.1356214
1.1460536
1.2496297
1.2100892
1.0608072
1.2273529
1.1274362
0.92183924
1.2006363
1.201715
0.8879404
1.3249043
1.1858411
0.81501645
1.0483003
0.33828872
1.0075421
1.0662513
1.1484389
1.2259486
1.3056158
1.005812
0.44606814
1.1324286
1.1686846
1.0897331
0.9262123
1.3879236
1.1162584
0.9978396
1.2022572
0.8848009
0.7508478
0.8660114
1.4011701
1.1377257
1.0422745
1.2617022
1.0850782
1.0808502
1.0920975
1.2446175
1.2239652
1.1473367
0.95434594
1.5108142
0.9361791
1.2724289
1.2202926
1.52298
1.0851492
1.0716034
1.0773364
1.1713965
1.0153418
0.7568759
1.2376258
1.1445019
1.2771543
1.0358908
1.0659035
0.95904154
0.67718923
1.1746444
1.3947943
1.1438617
1.0956695
1.139056
1.2048728
1.9014657
1.1161941
1.2438095
1.2475027
1.359474
1.4297277
1.1917129
1.2815676
1.0875094
1.0928411
1.1379623
1.5455955
1.1908785
0.6067805
0.97792447
0.97095376
1.3677819
1.3241146
1.4103769
0.91256094
1.1732467
1.3131118
1.0574725
1.4205616
1.0134975
0.9738174
1.242049
1.5056481
1.1128511
1.0952423
0.97728735
0.8551646
1.3288088
1.3844347
1.2712059
0.8987602
1.2384094
1.2905632
1.1837901
1.119541
0.8813081
1.0112677
0.39605913
1.0183076
1.2606342
1.2118703
1.0946754
1.1152198
1.2601733
1.0409124
0.98446107
0.9668577
1.4917164
1.1510748
1.080772
1.0972084
0.99444103
0.96160644
1.1326227
0.90915984
1.0069035
1.2463355
1.007593
1.1020775
1.069445
0.8802029
0.88174593
1.0674199
1.2262301
1.0746615
0.83158696
0.8755538
1.2091938
1.2076756
1.2180852
0.66835964
1.0445348
1.0920659
1.2267214
1.4459759
1.1419767
1.3113661
1.3058761
0.9793811
1.2093563
