4.850727
4.822868
4.788017
4.7710752
4.749562
4.6414657
4.6604185
4.6308436
4.5753746
4.5558987
4.8069124
4.5028114
4.712048
4.4539013
4.3346148
4.281505
4.4926414
4.316446
4.349793
4.4759126
4.3150377
4.329252
4.264236
4.112656
4.123756
4.377912
4.3135667
4.3597627
4.1470456
4.133309
4.084724
4.2535057
4.305852
4.314675
4.3168745
4.2406893
4.0155272
4.0963364
4.328929
4.481022
4.217477
5.0058713
4.165884
4.3132396
5.034131
4.195446
4.2274737
3.592717
4.184658
4.3119698
4.1450114
4.7378006
4.0957966
4.3512306
4.0911007
4.2752533
4.124638
4.586811
4.210388
3.8877602
4.1049147
4.250433
4.1961203
4.2833076
4.4433727
4.439053
4.3071465
4.217
4.198584
4.155973
3.658315
4.084575
4.564348
4.1555033
4.0375514
4.142232
4.0625467
4.363173
3.9601712
4.064298
4.1835003
4.119229
4.022273
4.1707816
4.090572
4.429198
3.9587631
4.139761
4.136955
3.7676885
4.019495
3.7722008
4.0925317
4.501303
3.9955244
4.228569
4.007165
4.2457194
3.9240031
4.031549
3.8763387
3.417775
3.7669165
3.962084
4.329299
3.9584749
3.7051334
3.803744
3.6043694
3.8909302
3.5039823
3.701785
3.4857676
3.9821455
4.0174513
3.518
3.1544821
3.3083932
3.3964686
3.4718223
3.4171948
3.5802965
3.6335502
3.8696666
3.5254118
3.4385166
3.2171555
3.4423816
3.4355965
3.7405648
3.4973807
3.212172
3.6257505
3.250205
3.281236
3.3454285
3.0951262
3.1702428
3.1780164
3.2528062
3.2945051
3.374456
3.0508995
3.0323575
2.9605744
2.9283397
3.2954605
3.0494773
3.314336
2.8976882
2.9851072
3.3199668
2.6811624
3.139742
3.5681305
2.9896996
2.8856936
3.2142394
2.9625537
2.987588
2.6625776
2.9526522
3.0916438
3.4538383
2.869227
2.8456619
3.4146118
2.7964787
2.8306823
2.9856777
2.9537308
3.1573837
2.6505876
3.053523
4.631861
3.0729313
3.204484
3.1561644
3.1184492
3.2918541
2.9353514
3.394208
2.7931116
3.355525
2.7061746
2.6241763
3.5095425
3.283633
3.3792274
2.6403515
2.7961638
2.7340393
3.0077999
2.777665
2.5695202
2.8605413
2.2507954
2.7560472
2.6211786
3.1556125
2.8343146
2.8456504
2.8486974
2.6964195
2.7196524
5.023563
3.299306
2.9282088
2.9558337
2.508673
3.3523588
2.879557
2.8061588
2.7804358
2.8165693
2.8908057
2.7924097
2.4094849
2.8178904
2.97446
2.96419
3.0885644
3.0137208
2.8955386
2.7552557
2.807263
2.705563
2.5701988
3.2485363
2.5517168
2.7283833
2.9881158
2.7212293
2.427386
2.9380212
2.7429237
2.6167054
2.758837
2.7093992
2.948232
2.8268237
2.5539227
2.6279461
3.7118874
2.6000388
2.6109753
2.6188405
2.784228
2.7824414
2.791919
2.4934735
2.8047733
3.947885
2.401031
2.5669913
2.7945743
2.5579498
2.4417367
2.6004136
3.9738796
2.4975812
2.365741
2.9300647
2.5215557
2.8137677
2.7388635
2.593668
1.9910693
2.8876572
2.5226302
2.1638448
2.6412418
2.3864508
2.6820028
2.5676842
3.2862413
2.5464332
3.0929291
2.414099
2.5541017
2.6964903
2.9344647
2.6910803
2.8567157
2.5529387
2.8685226
2.475643
2.4653766
2.6771674
2.7256846
2.4421232
2.992938
2.442432
2.3817356
2.3560226
2.3950267
2.8615737
2.454088
2.5255811
2.8658407
2.460683
2.4224334
3.2233095
2.8493264
2.5879612
2.5087867
1.9669213
2.4405472
2.7591448
2.7703285
2.7303436
2.3981452
3.0883052
2.3995974
2.4747703
2.6371107
3.5576758
2.6498477
4.8885975
2.6561615
3.3916492
2.7166755
2.7274694
2.718327
2.710193
2.7464445
3.1604471
2.4366775
2.9600914
2.5919797
2.8612986
2.5421078
2.664185
2.9215388
2.5272024
2.5177398
2.6379626
2.541587
2.5256264
2.5046365
2.1205568
2.7052152
2.3865957
2.2605681
2.7664723
2.5372438
2.5146036
2.5986753
2.6741498
2.2741332
2.7565613
2.2112393
2.3212306
2.4369848
2.4294298
2.800276
2.3970237
2.6746528
2.5007994
2.2442398
2.3593223
2.6031387
2.5105042
2.5996568
2.3987205
2.4304135
2.1283925
2.3617938
2.3232522
2.3791184
2.2392716
2.4082103
2.375867
2.4635122
2.6553428
2.250137
2.1200125
2.1417475
2.5727422
2.413397
2.3722448
2.9498959
2.3044512
3.2223344
2.6705263
2.5181923
2.4130688
1.8878691
2.1739612
2.5340283
2.6880035
2.705684
2.3124926
2.637636
2.2162983
2.090706
2.4020748
2.2505734
1.8242115
2.1083486
2.9718666
2.370939
2.5355062
2.8575077
2.3085165
2.4659517
2.5227323
2.1805294
2.118952
2.0892594
2.356789
2.0696473
2.20567
1.8843908
2.6894634
2.260316
2.2329254
2.5775628
2.3117025
2.397766
2.32762
2.2672026
2.6161578
2.1673746
2.0613377
2.1491373
2.460226
2.2579327
2.2224972
2.5505307
2.3636215
2.6769392
2.2133963
2.2812963
2.3921227
2.2538142
2.4202478
2.1548026
2.4005966
1.9926318
2.1064947
1.729622
2.405967
3.5424178
2.4655075
2.661294
2.1229963
1.7075752
2.4240184
2.2526248
2.2846909
2.4540024
2.4282744
2.3044624
2.4018734
2.3712125
2.1310148
2.3401065
2.3534257
2.1449974
2.4140277
1.9478052
2.3265557
1.9863712
2.213244
1.576375
2.1593573
1.9199063
1.9296091
2.193951
1.5524712
2.037172
2.6324973
2.3886125
2.0522387
2.3743777
2.2617288
2.1988235
2.380501
2.570017
2.0827413
2.0265863
2.1296606
2.079831
2.113691
1.8908328
2.2080495
2.1364784
1.7016249
2.4446054
2.2115238
2.4352727
2.3199763
2.289467
2.0585046
2.0204694
2.3386729
2.294149
2.0295708
2.131637
2.327772
2.1428852
2.6289775
2.751931
2.082211
2.3231523
2.2026389
1.8877865
2.0837305
1.8116454
2.3856905
2.3247604
2.0940897
2.8632908
2.2771137
2.1776
2.3589234
2.2990649
2.251818
2.0684085
1.8007979
2.6528707
2.1476989
2.2187033
2.5357525
2.037517
2.418013
2.1186755
2.4149475
2.4993038
2.1312745
2.0790377
2.2378883
2.0318325
2.013749
2.0770543
2.1747866
1.5727583
2.0236945
2.4718575
2.189417
1.9872966
2.4300807
2.465568
1.9273458
2.1550827
2.0163836
1.8290774
2.0189664
2.2063227
2.1346185
1.9988798
1.9307916
1.9106228
1.9212084
1.9892622
1.9404881
1.9542264
2.009044
1.9987947
1.9291986
1.8624936
1.93614
2.0121162
1.8625425
1.862135
1.716398
2.2551327
1.9754198
2.202052
2.0572348
1.9100751
1.7615825
2.448514
2.4111676
2.2584803
1.9373091
1.9427592
2.0157807
2.1349282
2.330221
2.2954867
2.4630282
1.8941748
2.9476805
2.1872575
1.948548
2.2194488
2.1003098
2.4248853
2.0541515
1.6738782
2.3550286
2.458623
2.0682652
1.4202788
2.3089664
1.9481405
2.446551
2.056397
1.8029876
1.9544388
2.1838667
2.2627637
2.2103732
1.9947048
2.1852381
1.9395483
1.9089057
1.8580791
2.07523
2.355822
2.1630418
2.077387
1.8091513
2.0840604
1.6058909
1.9857064
2.1751425
2.2203379
2.031114
2.2774909
2.3460011
2.203246
1.9671923
2.3303192
2.4036093
2.1263072
2.15025
2.5094633
2.0227513
2.2948582
2.1307158
1.7172083
1.9995486
2.1511045
2.0982232
2.5009136
2.2433074
2.2847822
3.5108829
2.4414582
2.147669
2.104853
2.257782
3.0494018
2.2442663
2.1871438
1.5033836
2.1050096
2.5479035
1.9898702
1.88648
2.754186
2.0258048
2.4151921
1.9958045
2.028071
2.0410967
1.9700059
2.1910658
2.4284532
1.8824806
1.9581044
1.9836587
2.0905912
2.3721454
2.1980293
2.2113328
2.0702126
2.2173464
1.8740797
2.097952
2.2202518
2.1246133
2.0646539
2.2511253
2.002323
1.8853883
1.7946228
2.121165
1.8696593
2.096812
1.9048359
2.136038
2.2802713
2.189245
1.9872906
2.0881472
1.7372721
2.2357783
1.881036
1.8126625
2.0892403
2.0926247
1.7912832
1.7337997
2.146988
1.8304873
1.9149716
2.0606205
2.0132098
2.2924428
1.9357547
1.7096848
1.9410944
1.854458
2.3438854
2.1030045
3.9775267
2.4119232
2.5081718
2.201528
2.3886561
2.377883
2.0263538
2.6953912
2.1898763
1.6404495
2.3541443
1.9032667
2.547173
2.4177208
2.4076395
2.1064072
2.4368677
2.2130635
2.0051336
1.6773587
2.222005
2.1810284
1.7437634
2.349562
2.3896942
2.1201303
2.0896597
1.9080517
1.8448236
1.8769244
2.6433988
2.289554
3.4246082
2.1185849
2.2571967
2.105117
2.462918
2.3724535
2.0372715
2.4866035
1.979636
2.2723
1.6489317
2.11523
2.0575864
1.6923174
2.124163
1.9160844
2.4555168
2.0875509
2.0357869
2.0825913
2.3485057
1.8822308
1.7506772
2.0688765
1.4615282
2.0291996
2.0631454
2.2430735
1.9732436
1.9280956
2.1036668
2.3749537
1.7548482
1.8740427
1.862497
2.0345314
1.5867589
2.1398227
2.7643619
2.040079
2.1233685
2.3261244
2.0163789
2.039422
2.0020738
1.7127255
2.2850637
2.527823
2.1699784
1.8269423
2.0841928
1.9254953
2.163722
1.7545401
1.9313747
3.8505259
2.0598595
1.9988058
1.9934273
1.7329061
1.9525461
1.9421804
2.120699
2.1771774
1.8847469
2.0711107
1.8789238
2.0139608
1.7030853
2.3112757
1.9779454
2.2583616
2.0039148
2.064508
2.1548374
1.92852
3.4821365
2.0922778
1.8097188
2.6626272
2.037739
2.0075262
2.0009773
2.100008
2.8238766
2.0759842
2.0305078
2.2553792
1.9606819
3.2205822
1.9808102
2.08522
2.1823912
1.7011206
1.8753572
1.8461487
2.031342
1.9145833
1.9846866
1.8853204
1.9214344
3.1301994
1.8281188
2.0608926
1.8945062
2.076206
2.6691277
2.034453
1.9140329
1.6408981
1.8243018
2.000318
2.6868873
1.9061656
1.5587358
1.9709481
2.126145
2.0906842
2.0653727
1.7483449
2.0622468
1.9368525
3.1289358
1.8965055
2.0128033
1.780444
1.9962806
1.8804994
2.277773
1.9955012
1.756192
2.0851355
2.1746762
2.0241213
1.8704311
2.2636445
1.907845
2.5463538
1.64265
1.755768
2.299991
1.9433846
2.2457783
2.0520136
1.8447175
1.9606595
1.3323394
2.0162454
2.7406127
1.9546647
2.3168285
2.2539773
2.3408556
1.8580701
2.0806162
2.1400113
2.0317473
3.3554816
1.9330294
1.645733
1.8409427
2.3509116
2.2649171
1.8719517
2.19419
2.1949708
3.133487
2.1937258
2.757304
1.9111389
2.0740774
2.2248201
1.9114636
1.9916687
3.0839221
1.9398267
1.956505
2.2190795
1.9633083
1.3620793
2.3211777
2.0395782
2.001481
1.5848699
1.9746797
1.8866801
2.0374324
1.8084807
1.8532655
1.9448754
1.9946283
2.54939
1.8612859
2.0839534
2.2729697
1.8266963
1.8945746
1.8661197
1.8358423
1.8879353
1.806187
1.6438881
1.8287463
1.7885127
1.7442409
2.0809999
1.7958875
1.8418452
2.002083
1.7244157
2.0551612
1.9760274
1.6399378
1.6709822
1.9245564
1.6599615
1.6830453
2.2764237
1.8937491
1.7616653
2.5791519
2.0277724
1.8015375
2.0450292
1.8774121
1.58956
1.6796088
1.6948155
1.8516679
2.0499842
1.862756
1.8363737
1.9003897
2.278643
1.9655868
1.7114123
1.6454215
2.0397165
2.0803745
2.477444
2.0598917
2.004392
1.8482174
1.8654824
2.0366526
1.8098428
1.640251
2.257614
1.8271753
1.4689689
2.2263644
1.9805382
2.1372306
1.8235524
2.035517
2.0765853
1.9216783
1.7802542
2.2376907
1.9370567
2.0732296
1.86017
1.9070371
1.911094
2.0305045
1.7569287
2.1791477
1.8676628
2.1311321
1.8221835
1.8577535
2.1955156
1.8462272
1.4879283
2.1674528
1.8809247
2.0155697
1.7468436
1.826475
2.0240731
1.9723916
1.5425406
1.902786
1.9500687
1.6531796
2.1547763
1.6670194
1.9893496
1.7328798
1.9961284
1.812993
1.6703105
1.9814152
2.2510092
1.8276558
1.824277
2.4628835
1.9254524
1.83599
1.5247356
1.7243147
1.4926844
1.7966734
1.9796184
1.8175045
1.9620904
1.9087019
2.2478223
1.7137452
2.2025964
2.176124
1.9505221
1.874399
1.9606502
1.7128592
2.1860294
1.975755
2.2433467
1.764142
2.1965358
1.7651137
1.3648391
1.7482837
1.840759
1.6967603
1.7943588
1.7035238
1.6569448
2.0334277
1.5498463
1.6043224
1.8308312
1.7544054
1.8702649
1.9018971
1.9544296
1.6227546
1.9420567
1.7460992
1.6270316
1.5848672
1.9345146
2.4082217
1.5037715
1.5608038
1.8430281
1.5896442
1.7649127
1.7170925
2.4220283
1.5757833
2.1679845
1.7093374
1.612796
1.8242581
2.4148552
1.7004691
1.8721466
1.8116835
1.6283431
1.7182535
2.2193913
1.7760402
1.8012848
1.7195086
2.166204
1.7164879
1.8256842
1.6026535
1.5656068
2.4540858
1.976147
1.5692669
1.8064489
1.56338
1.5379479
1.9300479
2.4393444
1.7780229
1.9327548
1.6843728
2.2708683
1.8889272
2.003667
3.0341804
1.7050616
2.0683324
1.7493804
2.1616912
1.8176908
1.740953
1.8802415
1.9105067
2.2048557
1.9676574
1.8244448
2.1144507
1.7869627
1.5849388
1.6433856
1.7746602
1.6937367
1.625378
2.074141
2.12715
1.7735934
1.9404739
1.8270937
3.279863
1.7969801
1.9025967
1.63361
1.7127694
1.6910775
1.6293567
2.00535
1.7793694
1.9598055
1.8349227
1.997728
2.6657867
1.9946735
1.5964453
1.8816735
2.1058252
1.621518
2.012088
1.3865849
2.1483846
2.3289514
1.9757382
1.744816
1.8296613
2.2130737
2.1040642
1.8044968
2.195704
2.1819177
2.1375883
1.8384546
2.2087822
1.915968
1.8802105
1.8041487
1.9060411
2.0130959
2.1157048
2.264021
1.936315
3.1709802
2.042156
1.8077292
1.9690295
1.9321779
1.8145244
1.6135448
1.6137061
2.1044235
2.4404829
2.2376013
2.1235323
1.8881047
2.0145695
2.263172
1.8505917
1.8127617
2.0076945
2.5482
1.640641
1.7756791
2.053472
1.7448281
1.7254885
1.5646296
1.5995215
1.6888001
1.7029368
1.8109496
1.9765111
1.8770695
1.9367552
2.2030447
2.0268617
1.7582824
1.8852451
2.1393685
2.0511925
1.7690142
1.6403469
2.154137
1.7515467
1.8238627
2.1389132
1.7721405
1.9254605
1.735461
1.8578266
2.0696654
1.5985774
1.7276018
1.5704145
1.9313539
1.8145769
1.7980727
1.9831748
2.0731747
1.6373315
1.8603613
1.8580637
1.9563398
1.7086354
1.703596
1.8881379
1.7654725
3.2352931
1.8585815
1.7502613
1.4903101
1.9195572
2.2165592
1.6716309
2.22626
1.9339089
2.034933
1.8878113
2.0349135
1.9891129
1.9346521
1.9022822
1.9568089
1.6082038
1.59531
1.778948
1.7043095
1.7212669
1.5668054
2.3205829
1.9070399
1.608543
1.7108173
1.9149444
1.3853581
2.0954661
1.8318793
1.7340438
1.9140636
2.0871181
1.9207319
1.752686
1.772381
1.3719624
1.731588
1.7275592
1.326095
2.0995216
1.5507973
1.7052945
1.8918526
1.8254938
1.7578608
1.6022986
1.6348442
1.553303
1.602423
2.0970116
1.8150892
1.9144241
2.1298695
1.7580059
2.5191915
2.0667994
1.8232496
1.6137834
1.9576783
2.662059
2.0805595
1.9749585
2.191044
2.0081053
1.297478
2.4705353
1.6236609
1.9771285
2.0341382
2.1037269
2.0532646
1.7873342
1.8443059
1.8706017
2.068638
2.074532
1.9898201
2.019893
1.8006057
1.8532925
1.8022451
1.9414526
1.80027
1.5505801
1.8803707
2.1393232
1.8133012
3.0507143
1.7327517
2.0536606
1.8106878
1.525473
1.8893788
1.5992773
1.923569
2.0908659
1.9207722
1.8161975
2.3586535
1.9500288
1.8420821
1.8869852
1.9739505
1.7653809
1.7730331
1.8208132
1.5822616
2.1110704
1.7872294
1.7543411
1.7458084
1.7521858
1.9768964
2.572192
1.9229388
1.8873057
2.3343956
1.7159997
1.3198436
1.7551005
1.7638967
2.0437336
1.9216634
2.4630244
2.3195455
1.9738858
1.7461109
1.7618743
1.3034867
1.7371693
1.8523145
2.0976024
1.7340412
1.641452
1.701813
1.6780322
1.7158694
1.4936726
1.5321343
1.52406
1.9802094
2.1512785
1.6610472
1.8986026
1.9747412
1.7620771
1.6225415
1.7074966
2.1064157
1.7287959
1.6769626
1.9555134
1.8587388
1.9739966
1.7128426
1.7732526
1.6690022
1.7200488
1.479062
1.6584628
2.121514
1.9013766
1.2742938
1.6228381
1.7415994
1.9041262
2.1039388
2.122185
1.6054841
2.0377383
1.7862548
1.6287156
1.6799517
1.563452
1.7168512
1.482499
1.7356015
1.8960811
2.02595
1.7683743
1.3088
1.4694484
1.5133156
1.7044829
1.7554554
1.7916682
1.748011
1.7895167
1.7002643
1.5124118
1.7568347
1.8739104
1.8660947
1.8483135
1.8663789
1.929858
1.7292103
1.8401321
1.9496502
1.7033871
1.9378924
1.6814135
1.8204254
1.6984906
1.6817491
1.7550484
1.5372036
2.0084343
1.5800852
1.4825219
1.8927658
1.779581
1.6606716
2.1281705
1.6619468
1.6745996
1.7918156
1.9364463
1.9276934
1.5866516
1.6695406
1.6286104
1.7133459
3.1889544
1.4781908
1.7710941
1.4858664
1.930776
1.6536558
1.6176982
1.6801463
1.8824097
2.0822482
1.8635161
1.9223785
1.9193363
1.9286712
1.5574118
1.7675132
1.6465838
2.0678167
1.891889
1.6024354
1.7691028
1.7713662
1.9881393
1.8764625
1.7077519
1.6601489
1.5396255
2.3020134
1.6359084
1.480845
2.0406845
1.832236
1.941563
1.7690625
1.700758
2.069822
1.6112275
1.7841151
2.0042152
1.9021103
1.3255818
1.5127656
1.8445735
1.8567821
1.7960392
1.7639681
1.7118989
1.5819587
1.6986547
1.8502563
1.7751089
1.2384385
1.5964253
1.6780993
1.6709461
1.7279383
1.6562858
1.673681
1.835129
1.6215817
1.6296791
1.8391647
1.6180546
1.8336219
1.6549203
1.7452381
1.4571599
1.7744628
1.6200256
1.6883038
1.7846911
1.6758609
1.6655647
1.3239346
1.525172
1.7632194
1.4819157
1.5478634
1.7181472
2.2075384
1.7092229
1.8312653
1.8197342
1.8889805
1.6584635
1.6451703
1.9124669
1.7242205
1.5941875
1.3941599
1.5950478
1.8404548
2.001699
1.7309631
3.094369
1.6928355
2.102616
2.0574472
1.7815806
1.1991956
1.7134552
1.9410512
1.603748
1.8852968
2.5142062
2.0979059
1.8142308
2.089731
1.6170417
1.9282765
1.5970263
1.8503691
1.7571543
1.5127908
2.0478272
1.8480808
1.694422
2.036916
1.7703965
1.7652427
1.7364026
1.8423315
1.8658228
1.5137656
1.9930261
2.0412276
1.7951388
1.6294953
1.6144507
1.7259338
1.1465749
1.8744919
2.4253998
1.6531307
1.770535
1.5551482
1.5826454
1.7551812
1.6928264
2.818697
1.9290955
1.8402449
2.0116394
1.843566
2.001369
1.6659604
1.6529971
1.6153982
1.9143251
1.6386127
1.4631833
1.5676008
1.8383394
1.4822884
1.7652748
1.6646236
1.7154623
1.6820514
2.2822018
1.9817687
1.6589235
1.8317043
1.8914375
1.86408
1.7546674
1.4972024
1.4919165
1.93156
1.6369475
1.589739
1.7797264
1.7593538
1.428634
1.5704377
1.8830338
1.8068844
1.5543554
1.9547893
1.5353708
1.6440219
1.4662908
1.4502246
1.9896638
1.682335
1.6693518
1.625739
1.6260006
1.6575319
1.5673313
1.8393039
1.6594216
1.8269328
1.909136
1.5734996
1.7261282
1.7624393
1.5573808
1.5551174
1.9054757
1.5923665
1.6997081
1.6346235
2.110088
1.871406
1.4692724
1.6263124
1.4882795
1.5095946
1.8450247
1.9726311
1.5196921
1.9574646
1.7733605
1.5440345
1.4288356
1.465408
1.8980776
1.7381552
1.84123
1.9880917
1.8042951
1.6336399
1.845164
1.906205
1.618888
2.090927
1.8377454
1.6009444
2.0314634
1.4629456
1.5585278
1.3397651
1.7420605
1.9119681
1.7668568
1.6307449
1.7307489
2.94999
1.5973741
1.5299126
1.6754907
1.5147771
1.7306806
1.1664826
1.8413749
1.4594024
1.6784703
1.416676
1.822665
1.8100042
1.6760815
1.8561537
1.6637903
1.5349953
1.7557709
1.8555684
1.8326368
1.9977667
1.6689243
1.6721303
1.9384103
2.4451072
1.7942713
2.527891
1.726009
1.5923978
1.8838687
2.1498053
2.0184023
2.01271
2.051018
1.7625027
1.791618
1.336627
1.6849078
1.7462759
1.4378636
1.4731812
2.1827464
2.14065
2.2073476
2.1659796
1.6705123
1.7553672
1.5163087
1.9574834
1.8781509
1.9468036
1.8218851
1.973075
1.2772042
1.8891678
2.093852
1.8199389
1.7939432
1.5408999
1.9740267
1.9756421
1.6154491
1.4616841
1.939457
1.9496665
1.5712029
1.9583513
1.7312479
1.9365219
1.7740788
1.8766752
1.8395404
1.8585021
1.5918367
1.5898226
1.8385673
1.8135104
1.4903082
1.5245023
1.7598866
1.7109313
1.2692167
1.6498657
1.4488232
1.8569523
1.5575963
1.5738901
2.0639687
2.0832276
1.5435145
1.6452831
1.8711932
1.6621306
1.4155189
2.308764
1.7539699
1.8190166
1.8791006
1.8506795
1.5814407
1.7009069
1.3007419
1.780441
1.6499332
1.605562
1.8019172
1.7234039
1.7042978
1.2580228
1.6611544
1.8668019
2.0004005
1.8406706
1.6413286
1.5602493
1.3375196
1.6563331
1.9726565
1.6593019
1.840414
1.6806685
1.5190535
1.7582328
2.2734954
1.7565447
2.9432604
1.8449172
2.4717991
1.5280603
1.8420036
1.7326227
1.7172182
1.5794446
1.9941368
1.6498874
1.869071
1.6422307
1.7842766
2.7851515
1.5918288
1.6192726
1.6639633
1.2392619
1.6175056
2.0326266
2.2585337
1.457572
2.041695
1.9742285
1.7699771
1.6483667
2.3533175
1.692895
1.4618407
1.8780608
1.6608222
1.7515302
1.7646557
1.7114098
1.9841683
1.851781
1.7447659
1.6606809
1.7567824
1.9871204
1.5679852
1.5463037
1.595923
1.5697795
1.8456291
1.7620862
1.7988592
1.905299
1.9742814
1.6599188
1.4365972
1.5596535
2.0161676
1.6953307
1.6461219
1.6235664
1.378895
1.5562012
1.5190614
2.0455537
1.864387
1.5542356
1.709317
1.3889288
1.6400527
1.7676563
1.8766502
1.4532744
1.9050227
1.5995462
1.5299647
1.8001146
1.4915174
2.0203414
1.7906392
1.4738106
1.7639662
1.7387716
2.0898213
1.6180638
1.6687181
2.097362
2.0263765
1.4440384
1.7425486
1.6187097
1.5698063
1.7826972
1.7813278
1.2425449
1.4517697
1.6869711
1.4675895
1.618312
1.5386871
1.6241125
1.9386142
1.4381045
1.4324677
2.02736
1.6116952
1.8900222
1.7826402
1.536089
1.7047087
1.4042834
1.9350095
1.5456191
1.9704279
1.3876421
1.5082467
1.6270844
1.651699
1.9905535
1.6672618
1.5787097
1.7070162
1.8070856
2.4239202
1.757998
1.7327198
1.6591681
2.814992
1.6021049
1.4494824
1.8039275
1.5230232
2.0672276
1.5825316
1.5997055
1.6147168
1.5337621
1.803845
2.0169525
1.5985153
1.8408972
1.7697232
1.1451275
1.584172
1.7738372
1.561767
1.4766434
1.4668828
1.924301
1.6905321
1.7815108
2.3090038
1.3773555
1.7578514
1.1136396
1.93891
1.892998
1.4924185
1.9785235
1.4593946
1.7776153
1.1161021
1.7296028
1.6551119
1.9400933
1.7401632
1.7320869
1.6613308
1.4132372
1.7225956
1.3636849
1.9935321
1.5343552
1.9956782
1.3682584
1.589935
1.8969345
1.4532841
1.3932443
1.7107443
1.503225
1.2991627
1.608594
1.9847937
1.6341996
1.6130612
2.0413446
1.5959209
1.1953546
1.607335
1.8355534
1.3960316
1.7339188
1.3858613
2.0811112
1.5851288
2.004694
1.7574059
1.7791402
1.6898068
1.1570424
1.9226062
1.9862001
1.6875618
1.8573644
1.7295345
1.6527786
1.5966076
1.6847612
1.8344105
1.7928743
1.5028354
1.5652773
1.5028254
1.99489
1.5289534
1.9769013
1.6958566
1.576254
1.1781718
1.8330008
1.5597706
1.8334029
1.7509197
1.162681
1.7557935
1.6753323
1.6287544
1.5579014
1.3761525
1.8799188
1.458176
2.1960003
1.5852512
1.4971406
1.6971279
1.7614151
1.3394878
1.3896734
1.8244035
1.6119395
1.6551416
1.6253451
1.8291093
1.4270128
1.5918891
1.577953
1.1674063
1.5687889
1.6380063
1.5328428
1.5607768
1.6716092
1.4556923
1.4594673
1.4776037
1.5703759
1.4691659
1.2586613
1.365546
1.6067743
1.7018917
1.5258738
1.5444211
1.649725
1.5897293
1.8773475
1.8912395
1.412893
1.5475365
1.5014801
1.3432071
1.4894364
1.4027722
1.3397803
1.51535
1.753358
1.3634946
1.3228494
1.3551203
1.5911622
1.4456395
1.384453
1.5375422
1.4853494
1.7461793
1.7561661
1.7290587
1.3504057
1.5554162
1.7673125
1.4430748
1.4709675
1.6364774
1.4878374
1.6354496
1.3927279
1.5483332
1.6167953
1.5434067
1.8579719
1.6147118
1.7552047
1.9373292
1.6310799
1.9034159
1.2225518
1.7453152
1.7012619
2.0466456
1.7866141
1.7266774
1.5446101
2.3123598
2.0909653
1.8237277
1.9253913
1.5546443
2.1371977
1.6418269
1.6291226
1.9577551
1.6410033
1.2150419
1.6610502
1.1506803
1.6285027
1.4300625
1.7633113
1.640438
1.7765546
1.4127743
1.5159363
1.6237928
2.855432
1.5843248
1.4372267
1.5950547
1.8132935
1.6485844
2.663039
1.5246475
1.353546
1.548767
1.7445472
1.5553372
2.1086168
1.640881
1.65111
1.4056052
1.6936761
1.1387664
2.0528448
1.6720878
1.4741538
1.7778196
1.6107868
1.9124786
1.951458
2.0150905
1.6179627
1.8003923
1.9745784
1.6472908
1.5644145
1.8355658
1.9854478
1.6172044
1.5981014
1.155323
1.6305816
1.069219
1.4943998
1.378861
1.7600019
1.3828928
1.7540344
1.1284897
1.3833718
1.4275044
1.6151948
1.745465
2.6930473
1.5766315
1.86254
1.8519557
1.5887129
1.5949472
1.5948004
1.4493225
1.9273616
1.5773798
1.6858369
1.5776281
2.6817634
1.7828358
2.005715
1.4436891
1.8747756
1.987593
1.8645009
1.8257561
2.2261326
1.8792182
2.220042
1.7892799
1.589262
1.8844823
1.7378216
1.2535409
2.1271582
1.7274568
1.6394465
1.8346177
2.108016
1.9391714
1.9689143
1.8369445
1.9538262
2.0683532
1.7654797
1.7049127
1.487585
2.0497668
1.5485551
1.6588477
1.5195585
1.6330775
1.98083
1.5987967
1.3877736
1.5052485
1.5708379
1.568076
1.3657435
1.8346875
2.0177414
1.7607684
1.3961785
1.695871
1.4392242
1.9180299
1.5392883
1.536038
1.8740271
1.6478864
1.368089
1.9747245
1.7587094
1.6463293
1.6000814
1.6278387
1.6965604
1.7454398
1.5039234
1.4976617
2.0681837
1.5983596
1.5498055
1.7169937
1.5534141
1.6743072
1.6121447
1.0696965
1.7749889
1.3879528
1.6001334
1.7597264
1.5978489
1.6868262
1.687628
1.5089582
1.5229201
1.490641
1.3428897
1.6096487
1.4912313
1.5814773
1.7512878
1.9172792
1.5304203
1.9335233
1.7575996
1.5809454
1.5946684
1.200239
1.6892248
1.6297876
1.3689163
1.7692276
1.565985
1.7808095
1.5413668
1.3857038
1.3663299
1.7345544
1.1043724
1.5795978
1.1983773
1.3277488
1.486767
1.688922
1.8713055
1.5241143
1.4740549
1.9202963
1.5725609
2.1569986
1.5497485
1.6233921
1.5259559
1.7344904
1.744393
1.3699182
1.5073655
1.5033872
1.7351313
1.8817711
1.4647193
1.3344792
1.7641709
1.5725343
1.6502776
1.6584634
1.6404011
1.4712657
1.8712713
1.493472
1.6048815
1.035529
1.6605252
1.718404
1.0894449
1.6426227
1.6293427
1.5462365
1.5091896
1.729004
1.69515
2.6251428
1.5832028
1.3988087
1.6703638
1.9565684
1.5561547
1.5554845
1.3887703
1.6422815
1.9734926
1.5617259
1.6042894
1.6616251
1.9226964
2.1045444
1.5207206
1.6252509
1.6103852
1.9514569
1.8152105
1.9226612
1.5949024
1.5622623
1.9704555
1.5710609
1.5123814
1.503563
1.6974902
1.5412776
1.5011375
1.588272
1.6514647
1.479879
1.4723678
1.3786972
1.768983
1.9497625
1.7540122
1.7673844
1.749824
1.5616972
1.733896
1.528065
1.6704433
1.9616966
1.533407
1.6859198
1.7334181
1.0927094
1.7403107
1.7581586
1.6120312
1.6644467
1.609545
1.2505066
1.9528177
1.490921
1.7584059
1.6795193
1.5853754
1.7706867
1.959955
1.7910795
1.6254424
1.0709654
1.5136385
2.1325557
1.346179
1.4330069
1.4974351
1.4409028
1.7672257
1.7897433
1.2059617
1.7022228
1.7925537
1.5747685
1.7768047
1.4882798
1.9937022
1.6845905
1.4275646
1.7827238
1.551905
1.9372262
1.6251932
1.5862386
1.6651009
1.6280606
1.6620634
1.9335713
1.7048876
1.6137172
1.5657017
1.8649361
1.794664
1.1204556
2.051054
1.9642549
2.0149748
1.722674
1.810258
1.6959203
1.6760947
2.2243543
1.7593633
1.6393423
1.7203707
1.4204242
1.5775495
1.5315287
1.366386
1.7148618
1.6571019
1.7519525
1.5961211
1.5814584
1.5392708
1.6386443
1.9099276
1.643422
1.9305297
1.6712087
1.4366804
1.373269
1.3899289
1.4423115
2.029158
1.7713329
1.9198743
1.7149725
1.63654
1.9934928
1.504782
1.4880049
1.87625
1.591124
1.6871425
1.1731281
1.6539286
1.7742766
1.8918741
1.7420096
1.6072091
1.6810622
1.4892588
1.2800833
1.616809
1.643177
1.4700468
1.9635603
1.3571569
1.4405446
1.5278838
2.1232944
1.5004652
2.0095763
1.6965961
1.9203956
1.7111678
1.6708218
1.5849848
1.550358
1.4930309
1.6200591
1.5498844
1.6757208
1.2655064
1.5962441
1.028964
1.5482823
1.7269846
1.6572227
1.7012256
1.4750482
1.3335587
1.8813074
1.4738003
1.9824005
1.7019321
1.8545293
1.4496012
1.9875884
1.6328655
1.4007167
1.675827
1.7478869
2.3212016
1.4291612
1.4997021
1.4228529
1.5327327
1.2973101
1.3021374
1.7559525
1.5437706
1.5856284
1.8141494
1.4594111
1.2874055
1.573704
1.7608044
1.6456698
1.9712707
1.7646997
1.3957114
1.658782
1.4826059
1.6401047
1.0476881
1.7827007
1.5895978
1.5551584
1.7526306
2.3032265
1.8538648
1.7075354
1.4966292
1.5642351
1.4113073
1.7126178
1.8162912
1.5569781
1.7432023
1.8872502
1.4477123
1.8516899
1.662908
1.9437016
1.8505787
1.6025126
1.6896371
1.4772958
2.1215508
1.9044983
1.9395921
1.5654991
1.1887354
1.944335
1.6316237
1.8956299
1.3534662
1.7825445
1.424928
1.5349493
1.7356205
1.5817211
1.5008334
1.5898097
1.3498081
1.4677582
1.2713258
1.8051592
1.5945411
1.232958
1.8132597
1.5345507
1.6768073
1.9060419
1.4141345
1.463353
1.4678587
1.5982774
1.5044839
1.9116901
1.5526547
1.5303433
1.5637444
1.6168861
1.4550132
1.2704765
1.663039
1.4087737
1.4999896
1.731102
1.426679
1.8820652
1.8200848
1.0696357
1.7660975
1.9347034
1.9335929
1.5995283
1.8864212
1.6912591
1.751452
1.3914895
1.5703176
1.4303759
1.5779147
1.6885555
1.2832354
1.9611365
1.7633655
1.7432739
2.2885303
1.5008863
1.6332617
1.3335164
1.595103
1.6873327
1.3693434
1.9029728
1.4448158
1.7302628
1.7155917
1.8758187
1.8285608
1.6768391
1.801303
1.8189368
1.7446638
1.637425
1.4416734
1.57531
2.7339554
1.5123025
1.9309987
1.6226367
1.540313
1.5906837
1.2996402
1.5823839
1.7086354
2.1785712
1.7026579
1.3295844
1.4024104
1.424777
1.5862706
1.3032289
1.4771023
1.6206347
1.4012349
1.8281381
1.4926114
2.095587
1.4908576
1.7074008
1.4558308
1.8923929
1.9409524
1.7184583
1.6116636
1.5680603
1.7550225
1.5352621
1.4981622
1.6654648
1.4705918
1.4956428
1.0948277
1.5200362
1.6114596
1.5186965
1.3454903
1.6426251
1.6556706
2.3806822
1.6852081
1.464622
1.4669244
1.4124062
1.4060858
1.579932
1.748655
2.2727077
1.406642
1.8050904
1.6884288
1.8039987
1.5312577
1.5730152
1.5775403
1.8844554
1.5789202
1.9968973
1.5980906
1.6173577
1.7594371
1.915658
1.4681809
1.4730251
1.5993743
1.3534496
1.6670544
1.8513621
1.6184787
1.6559436
1.4630013
1.3367735
1.6724985
1.476843
2.0356653
1.3915735
1.4464562
1.3505592
1.4848857
1.6942672
1.9082571
1.4575403
1.4573557
1.6972972
1.2742482
1.3348621
1.5289015
1.1347528
1.5240787
1.431233
1.4242104
1.6863463
1.8990383
1.5010912
1.5175178
1.109614
1.84488
1.4387919
1.6263223
1.6933652
1.4062192
1.3207607
1.7140739
1.7017132
1.2947459
1.3116384
1.905209
1.6714736
1.6156107
1.5111884
1.6441761
1.7664092
1.6417987
1.6278573
1.3854133
1.5668731
2.6844082
2.1059792
1.5339962
1.5966234
1.2953942
1.4089855
1.6397905
1.4616195
1.5461942
1.623088
1.3875335
1.9201623
1.295898
1.6667813
1.0744511
1.4548622
1.6499188
1.7516861
1.4892815
1.6100234
1.5988717
1.7914546
1.5141424
1.9233937
1.4524605
1.5696701
1.4058484
1.5277667
1.5613273
1.690077
1.6256734
1.688772
1.6912191
2.1723473
1.389125
1.5325276
1.531771
1.2369343
1.3419249
1.5613748
1.5285832
1.1213976
1.2967925
1.9515839
1.8133893
1.3924265
1.4774188
1.6221602
1.6075414
1.6820147
1.4154184
1.6668745
1.4334943
1.9079345
2.075356
1.6680684
2.1468587
1.5134475
1.9028691
1.5561193
1.2721853
1.2915132
1.3743806
1.8197492
1.4131794
1.4632919
1.541341
1.580112
1.6987209
1.9020257
1.4903527
1.8490666
1.4168451
1.6634884
1.4469478
1.4370062
1.719477
1.520859
1.1499169
1.4034858
1.5679854
1.7914318
1.6974806
1.6735871
1.4266725
1.6501379
1.5763601
1.3077828
1.4166198
1.6246632
1.58417
1.3378773
1.7866855
1.516665
1.353522
1.526816
1.4434806
1.555267
1.4402397
1.2770836
1.60473
2.0667744
1.8376833
1.4572858
1.5719668
1.293282
1.7928513
1.5091919
1.1177759
1.4783453
1.4463598
1.9113989
1.6068
1.4770937
1.6664228
1.047671
1.4813428
1.8353156
1.5274373
1.1447061
1.546982
1.458468
1.7280234
1.7845473
1.472436
1.411143
1.3176821
1.7420721
1.6819687
1.5829356
1.6021776
1.8726776
1.5316643
1.4367867
1.9092405
1.6810154
1.69262
1.8364505
1.4841204
1.5735857
1.6882473
1.3184197
1.4481515
1.4693437
1.496158
1.6275413
1.6009549
1.8535836
1.541366
1.7598193
1.4642938
1.5659604
1.8218598
1.6660129
1.4227021
1.4920235
1.5673344
1.5535725
1.2453173
1.5264914
1.5084172
1.465558
1.7554777
1.2719797
1.3067827
1.3373393
1.3169101
1.9341426
1.4781629
2.0585265
1.6732758
2.2010887
1.8502554
1.5853657
1.3659412
1.3276678
1.635675
1.4704034
1.9343446
1.6548344
1.7121067
1.7061381
1.4607449
1.589305
1.8072827
1.703407
1.6834702
1.6634194
1.5279272
1.5473899
1.7982305
1.670289
1.6144303
1.5946106
1.6395614
1.514105
1.8722758
1.4575609
1.5670847
1.5788867
1.0231545
1.3489221
1.3226098
1.7185336
1.2115954
1.7953534
1.4476479
1.7257451
1.7301224
1.5891795
1.8244593
1.6825191
1.5678449
1.6954303
1.6167568
1.375207
1.5439557
1.5173639
1.5005323
1.5203629
1.3902911
1.6979696
2.1563492
1.4477354
1.5650988
1.5571728
1.4911706
1.493843
1.6255718
1.8030244
1.5399697
1.5707624
1.8746108
1.4249688
1.3026147
1.3217381
1.4633482
1.4300363
1.3753186
1.5527006
1.0025128
1.4584682
1.5654565
1.9168819
1.4576023
1.6636394
1.6583369
1.12263
1.6022525
1.7291421
1.3615161
1.7077452
2.1791115
1.7043244
1.4291415
1.5874833
1.4732084
1.2812552
1.5939066
1.5543776
1.2613263
1.5993322
1.2860125
1.5379577
1.4730662
1.9392171
1.5816836
1.7251935
1.8928026
1.695795
1.8246257
1.778585
1.3814908
1.552587
1.9025522
1.4623168
1.6182545
1.6135312
1.3759062
1.5702335
1.5702386
1.7847732
1.6663395
1.4896576
1.691454
1.7984781
1.743241
1.7494738
1.5372833
1.5189835
1.6911867
1.5839595
1.2412305
1.7726066
1.6049284
1.5059402
1.4770786
1.6620178
1.5344272
2.624029
1.4002314
1.2059593
1.3625675
1.6071587
1.4234194
1.6856984
1.5938282
1.8832518
1.5910558
1.3183756
1.5996748
1.6701478
1.8307989
1.542047
1.0321858
1.3859217
1.5926702
1.4928284
1.5508381
1.764232
1.515535
1.2412496
1.7155058
1.5000334
1.2776029
1.6596322
2.103869
1.7744721
1.8092185
1.7970686
1.6595542
1.7114756
1.5349159
1.4598178
1.4463559
1.6447971
1.7938817
1.3924441
1.6550589
1.3398144
1.4787245
1.5238448
0.966766
1.2803661
1.4773037
1.094996
1.2038225
1.3580087
1.2101607
1.417479
1.8538033
1.3925948
1.1641796
1.5604768
1.2777348
1.7046113
1.8185965
1.798187
1.2022213
1.6730981
1.7452419
1.378592
1.722764
1.4649385
1.6668373
2.1086326
1.7668152
1.5196729
1.5253401
1.6592944
1.4167207
1.6431998
1.8263472
1.4888972
1.3528738
1.3432032
1.4569514
1.9266722
1.405046
1.60076
1.4917353
1.7042567
1.6016412
1.8298104
1.4856104
1.39567
1.4777144
1.0472275
1.5185997
1.4944234
1.9084716
1.6575814
1.8685554
1.398835
1.6065207
1.5378169
1.8562926
1.4480059
1.5188494
1.7204424
1.5998749
1.445996
1.6737002
1.6352656
1.0159875
1.4641968
1.6698083
1.5585574
1.5052558
1.3726021
1.7290299
1.4123343
1.6274132
1.0089016
1.2861253
1.854958
1.4985021
1.7836653
1.5089359
1.4661357
1.5284412
2.5477374
1.487857
1.4722973
1.2903404
1.5180951
1.465024
1.3552455
1.8125392
1.4110539
1.6638926
1.369282
1.4886615
1.5652407
1.5955509
1.8323524
1.7323275
1.2586036
1.4717559
1.4134809
1.38443
1.1892047
1.4775077
1.6472206
2.0691032
1.8292259
1.4411292
2.0423632
1.3980926
1.450531
1.5198879
1.1849656
1.4839379
1.61483
1.807904
1.741438
1.5590497
1.4533739
1.4497017
1.4636177
1.515105
2.457613
1.4162565
1.8804082
1.5623821
1.52009
1.028312
1.3041822
1.5639025
1.5614579
1.4626762
1.6211008
1.2558571
1.3990554
1.6555188
1.7717408
1.8052155
1.5764242
1.666638
1.6457102
1.509495
2.4272146
1.7942584
1.6333697
1.785709
1.66718
1.4682785
1.2197822
1.2683868
1.5456249
1.5045654
1.4811136
1.6666465
1.4147439
1.7584211
1.635709
1.4863881
1.8737936
1.6684468
1.5351433
1.6084464
1.4961869
1.3362714
1.6515937
1.4206312
1.6352499
1.8791401
1.7568775
1.4068768
1.5859815
1.7386853
1.7557178
1.5002557
1.4359134
1.5788146
1.5690542
1.649371
1.8124958
1.85283
1.6109785
2.1713998
1.5126714
1.6562165
1.8615162
1.8159653
1.3828017
1.5377475
1.5802982
1.5912635
1.4030827
1.4651537
1.321849
1.505915
1.6042219
1.6667743
1.3032901
1.6285414
1.4676559
1.0970355
1.41777
1.6341807
1.0693853
1.5383767
1.4533544
1.3043672
1.4982834
1.5332395
1.2616854
1.6288382
1.0050259
1.466238
1.8538744
1.3416259
1.4680074
1.4699683
1.435122
1.3275739
1.4145299
1.42786
1.6419005
1.7259372
1.5478668
1.4595131
1.537537
2.4938762
1.6251031
2.229593
1.7966902
1.4726841
1.3494195
1.5895064
1.5173072
1.5423994
1.4745679
1.5653191
1.5310675
1.8176761
1.7453481
1.6444516
1.2924938
1.6623619
1.1199683
2.0689292
1.4853997
1.3359174
1.4949561
1.655262
1.6974446
1.5320238
1.1166419
1.4994229
1.6882437
1.522828
1.6273925
1.3036522
1.3308191
1.6882892
1.4707932
1.8410857
1.5166938
1.3203475
1.8357744
1.6621904
1.4405289
1.6530931
1.8822094
1.415232
1.6455292
1.5256889
1.6108779
0.9940568
1.3332293
1.5157025
1.5233635
1.4414742
1.7236433
1.7367764
1.2762004
1.2733905
1.4998677
1.8430587
1.9240272
1.5775818
1.476411
1.768096
1.6426842
1.715665
1.4529552
1.4256835
1.3805428
1.7470747
1.4919883
1.3949258
1.2418035
1.6157128
1.3411094
1.6494632
1.7740637
1.5380461
1.605984
1.8579905
1.4735119
1.9577866
1.4580295
1.6884573
1.7070502
1.5203813
2.3011708
2.041149
2.2661285
1.8032963
1.7013204
1.930103
2.0027952
1.890154
1.9967984
1.9727473
1.7073888
1.7845236
1.4743806
1.5151056
2.1348155
2.08715
1.8235896
1.631595
1.7569269
1.5933535
1.6298505
1.8961699
1.5869131
1.399268
1.6193477
1.3272755
1.75444
1.7205318
1.1537732
1.7105572
1.6711358
1.4869214
1.4978877
1.3178309
1.4188153
1.7677537
1.6139373
1.6719964
1.7985654
1.5526634
1.9820763
1.668204
1.5151097
1.3582233
1.5236816
1.6941596
1.4415607
1.4569153
1.3385651
1.478202
1.8428228
1.443505
1.9388407
1.5725123
1.8608744
1.6324885
1.7281971
1.6779099
2.1234064
1.7506483
1.634652
2.450158
1.7215817
1.393689
1.47466
1.609561
1.529566
1.4955599
1.6822894
2.1275136
1.6599464
2.0275304
1.5206108
1.6909002
1.5152969
1.5467695
1.4510188
1.698716
2.1682563
1.6786271
1.4753087
1.4166759
1.6473255
1.4824569
1.6994445
1.6419538
1.5141497
1.3438088
1.5026929
1.5185558
1.4145503
1.3924097
1.8336185
1.7875805
1.4480186
1.4156924
1.4766563
1.575523
1.5283264
1.3506361
1.5262016
1.2771012
1.6407015
1.4093739
1.5272496
1.8527921
1.2253611
1.4983767
1.464922
1.5784477
1.6035585
1.555103
1.5701232
1.5194263
1.5730771
1.5098175
0.9804971
1.6154069
1.805023
1.6225169
1.3912565
1.2500807
1.3996335
1.5533457
1.5091715
1.7529426
1.3068147
1.5186819
2.497952
1.4273789
1.5356135
1.2670976
1.8177391
1.8015301
1.5067848
1.839986
1.5941591
1.6189183
1.6569897
1.4949317
1.4809619
1.619413
1.3497461
1.4830835
1.4690763
1.7827266
1.4779273
1.4720286
1.461396
1.4580803
1.5273385
1.4344038
1.3773497
1.4543321
1.7491585
1.6244656
1.4544972
1.3575839
1.3688202
1.4776877
1.7469499
1.4452832
1.0483335
1.3513645
1.5177171
1.5100285
0.989618
1.4852071
1.835049
1.4858078
1.5350474
1.5525285
1.1779413
1.8105824
1.6264741
1.6330056
1.4265515
1.4951837
1.474832
1.2775781
1.6985756
1.3809774
1.4648151
1.5301462
2.3798747
1.8286037
1.8819692
1.5122057
1.471906
1.4340155
1.55208
1.4384397
1.7164298
1.5251809
1.445822
1.6309103
1.4704406
1.8033723
1.1943353
1.5991306
1.4652034
1.1277537
1.4415799
1.4957343
2.375789
1.4944956
1.3285562
1.8397406
1.3842943
1.45763
1.4880344
1.477893
1.5502787
1.4841294
1.4055207
1.652972
1.448536
1.3492323
1.491745
1.8271796
1.25829
1.4319618
1.5697258
1.389352
1.3660841
1.4506925
1.2437238
1.3551029
1.4180534
1.3610821
1.791749
1.6027973
1.611419
1.7510375
1.4838992
1.2353501
1.5542115
1.4624271
1.4970514
1.4132962
1.3488474
1.5307859
1.7750489
1.447255
1.075865
1.479285
1.4181421
1.6539271
1.7220461
1.3167073
1.4519291
1.5231571
1.7846857
1.4160689
1.8467927
1.2782983
1.5495963
1.7281965
1.4338013
1.710771
1.434769
1.0405884
1.6162741
1.4455777
1.3440922
1.7212343
1.4281696
1.6049727
1.4682709
1.4398184
1.2737379
1.6838025
1.7777336
1.5991831
1.5010189
1.7561285
1.4423766
1.0715231
1.3419286
1.7240174
1.5937666
1.0982285
1.4108558
1.2792314
1.3047218
1.655812
1.8037748
1.6059543
1.5871537
1.4985774
1.4574188
1.3039305
1.3698318
1.6441544
1.6121497
1.4726399
1.5283507
1.409292
1.8733748
1.4278339
1.4620043
1.340153
1.7800863
1.2516799
1.168876
1.4920986
1.5159078
1.4084615
1.7151284
1.3316981
1.619081
1.3803124
1.7972728
1.7090374
1.4584867
1.4430963
1.6001766
2.056965
2.003576
1.7007129
1.4025042
1.7871978
1.4185395
1.7713664
1.2242817
1.6043375
1.7159597
1.4568789
1.5427098
1.4214412
1.3854479
1.4760069
1.5171219
1.3677261
1.7549852
1.2134125
1.3023953
2.0095491
1.2422792
1.3595681
1.7596533
1.4031008
1.3520052
1.5378032
1.1922625
1.2405227
1.4381115
1.3986144
1.8156214
1.4394201
1.5964241
2.045103
1.3895233
1.7045443
1.622735
1.4007378
1.2108778
1.4175733
1.4701146
1.4601655
1.4113084
1.5076816
1.6163998
1.4698356
1.771215
1.2159162
1.3119283
1.6859539
1.5452604
1.418907
1.5301391
1.4609278
1.6042321
1.4217874
1.4837192
1.2320428
1.5145824
1.5908444
2.0263114
1.318343
1.4867812
1.4486004
1.1947076
1.2450336
1.4948823
1.5849351
1.4573253
1.4576513
1.5826426
1.450962
1.4408772
1.8485955
1.2018409
1.5328522
1.6760094
1.5739685
1.5056875
1.075696
1.510089
1.571101
1.7509962
1.428106
1.5931153
1.5226547
1.2793611
1.3823513
1.4614569
1.4603403
1.4937725
2.4644718
1.40468
1.3658794
1.4297664
1.2054447
1.2264855
1.8372353
1.5045565
1.661356
1.6308328
1.5567433
1.4568062
1.4721189
1.4544536
1.4795543
1.5397359
1.5692251
1.2948469
1.4396628
1.6142992
2.0662098
1.659741
1.4801556
1.4243747
1.3203679
1.4718909
1.7831687
1.268401
1.6990187
1.2108116
1.2285827
1.4898466
1.7981578
1.7790877
1.3072841
1.5688187
1.753027
1.1514848
1.3824611
1.4653102
1.42812
1.4581913
1.4961119
1.7404401
1.8035817
1.343749
1.1957173
1.3977497
1.9963195
1.6989133
1.6787382
1.3554791
1.2577637
1.4614936
1.0794338
1.6723145
1.6892729
1.46305
1.5265441
1.238567
1.4329307
1.4810591
1.0323284
1.8620062
1.8897161
1.4568436
1.4025319
1.4389398
1.5370344
1.2877307
1.3737731
1.6833484
1.4674534
1.4344188
1.2602326
1.4535497
1.219465
1.1657634
1.8371705
1.7195785
1.1843057
1.2941988
1.588246
1.5354073
1.5626956
1.5064714
1.6219461
1.7331254
1.5826209
1.3515761
1.4919437
1.4295281
1.7928389
1.4525124
1.7032679
1.4603631
1.7778949
1.452451
1.5302433
1.3541433
1.4124656
1.8637246
1.8107038
1.3294123
2.0396125
1.6013728
1.6492181
1.4548255
1.6489599
1.7317501
1.6427344
1.6970872
1.4072078
1.3609452
1.5927162
1.5718377
1.5377898
1.7442216
1.5201869
1.2581657
1.4142265
1.8321835
1.4094553
1.4492037
1.2131947
1.2868942
1.8887177
1.3399019
1.8642303
1.4887785
1.331741
1.4100593
1.6581167
1.3906872
1.786783
1.7413096
1.6613909
1.6119592
1.3680723
1.6092097
1.4274554
1.5316348
1.4134978
1.4598584
1.4202688
1.7234695
1.485606
1.4175614
1.6186403
1.407349
1.4714782
1.5805207
1.4033625
1.5024774
1.990086
1.4828112
2.3655105
1.6821318
1.3806338
1.3621157
1.5905738
1.7219588
1.5297117
1.6848588
1.6914171
1.5752857
0.98417974
1.6735573
1.6926671
1.4266591
1.3535819
1.4888145
1.6247883
1.4381942
1.3181407
1.4501903
1.3914827
1.5255269
1.5685925
0.95198375
1.5243564
1.4220676
1.3696444
1.1787968
1.5788395
1.3792598
1.7958654
1.5008675
1.0051107
1.643022
1.582938
1.5160534
1.2156241
1.7568309
1.4015411
1.769075
1.3966969
1.375747
1.5707124
1.7135122
1.3865947
1.7669147
1.5589826
1.4800962
1.6157669
1.3257395
1.2491577
1.5104347
1.4883116
1.5382756
1.282282
1.4410249
1.5856769
1.1937188
1.2407619
1.486445
1.4938359
1.4152817
1.3115304
1.3689319
1.8428199
1.2922782
1.4706099
1.438765
1.4457364
1.3743862
1.7174878
1.7260318
1.6864992
1.2232898
1.3499769
1.1808494
1.173703
1.4336534
1.5858461
1.3497529
1.8231202
1.278848
1.373482
1.7695326
1.5456136
1.4435447
1.4776617
1.5018554
1.337394
1.5057962
1.2195224
1.437997
1.4537109
1.4471138
1.3411103
1.625535
1.1347331
1.3093414
1.7155668
1.3857645
1.3420055
1.1411322
1.6752843
1.5933962
1.2164409
1.2451059
1.4433541
1.7792523
1.5246042
1.625393
1.4485625
1.5352587
1.5075135
1.7138635
1.4273312
1.7137147
1.4651803
1.5684553
1.4017667
1.3434337
1.4100871
1.2271999
1.3803498
1.4688594
2.3966992
1.4828011
0.9935193
1.2144382
1.2178783
1.4458529
1.4880134
1.0950584
1.3047606
1.5142576
1.8017575
1.460815
1.4886148
1.5776217
1.4561478
1.5922831
1.5758386
1.2188904
1.86316
1.7723093
1.5222715
1.1289629
1.5165787
1.6073762
2.057666
1.4746065
1.5519629
1.2719263
1.3159885
1.2655952
1.3471541
1.6591321
1.7997452
1.4134275
1.4167315
1.4287232
1.5277158
1.2538254
1.3094305
1.635108
1.5803496
1.2218714
1.2925434
1.6113567
2.0965617
1.4537928
1.5834996
1.6723973
1.1729718
1.3345202
1.4416465
1.6728725
1.6200917
1.6712754
1.3038653
1.3057224
1.6935524
1.6160629
1.4495963
1.4452344
1.5633539
1.4507444
1.3714836
1.8077877
1.7555131
1.416341
1.4266672
1.5513344
1.4084331
1.6117721
1.3590152
1.4178889
1.3348331
1.5436467
1.7793012
1.4468387
1.1074353
1.4287615
1.6736665
1.3178923
1.827923
1.4902741
1.5482804
1.532137
1.8180102
1.4699671
1.4159913
1.4196987
1.8494803
1.5661494
1.611741
1.3865751
1.4215162
1.3369113
1.5600682
1.5173815
0.9961931
1.3267984
1.5480503
1.5536897
1.4180573
1.5570047
1.5987167
1.5248021
1.6129354
1.5761069
1.4966176
1.5330008
1.5139344
1.5091863
1.9727356
1.7928492
1.5947534
1.4345824
1.2512537
1.4388957
1.4064308
1.2235581
1.2125477
1.3764241
1.5597296
1.3389679
1.5100563
1.6424427
1.739988
1.3498665
1.4622191
0.9336865
1.5880176
1.3940136
1.2275889
1.1911944
1.3217062
1.5826006
0.99072945
1.2721442
1.249175
1.32887
1.5318179
1.4197165
1.7259247
1.3717132
1.3870512
1.7107766
1.3049183
1.6932039
1.472731
1.5074197
1.2552737
1.6905771
1.378056
1.2377101
1.4878396
1.5717238
1.5972801
1.3936719
1.3624299
1.2409488
1.2906976
1.74079
1.4122026
1.3515359
1.4146578
1.588048
2.0358758
1.3202785
1.4135442
1.4445369
1.0136589
1.4151394
1.7733498
1.5142779
1.2927271
1.1788216
1.548396
2.1334746
1.564606
0.99192387
1.5128644
1.5861751
1.7326684
1.3942114
1.3895719
1.8418204
1.2574705
1.4065037
1.4335814
1.0228748
1.3979901
1.3354809
1.2128236
1.6127738
1.1977823
1.5519531
1.3543937
1.4600078
2.3640628
1.4337782
1.5165658
1.5564922
2.1946375
1.4299078
1.7795038
1.6019127
1.5121323
1.5122709
1.4905225
1.4125773
1.4308012
0.9986906
1.5986824
1.5131805
1.2272694
1.4211571
1.5268072
1.686512
1.785216
1.2633343
1.3753339
1.4056187
1.7651848
1.5847504
1.3680556
1.4968728
1.5158077
1.5545295
1.3512114
1.5358053
1.4075493
1.5164272
1.3350909
1.5947391
1.7761493
1.399357
1.3142066
1.627049
2.0240357
1.6149058
1.2453481
1.4998426
1.3874583
1.3603094
1.3620481
1.7673354
1.6843468
1.3415868
1.4770005
1.3969748
1.5892464
1.2989211
1.5879891
2.0205734
1.3195341
1.2883816
1.4235057
1.2806635
1.4441143
1.5060129
1.7351152
1.54418
1.4807413
1.2170233
1.3126497
1.511463
1.2018672
1.4086862
1.349125
1.3496261
1.8415797
1.2879504
1.6789539
1.280194
1.4394734
1.341027
1.2139387
1.4493108
1.2318572
1.5001615
1.3658788
1.393978
1.3846362
1.535577
1.5040963
1.4354407
1.4774507
1.4404781
2.3815353
1.5677035
1.7489917
1.5666386
1.4860528
1.5697389
1.3731325
1.382561
1.4867564
1.1772738
1.5145736
1.1932099
1.588356
1.5542774
1.4665856
1.2096312
1.4172515
1.1995517
1.3039999
1.1868875
1.4626486
1.4150987
1.6899755
1.5211953
1.3506992
1.5801101
1.4590687
1.3471881
1.3864609
1.5486221
0.9487477
1.6457452
1.3365294
1.1513312
1.2624168
1.796269
1.480575
0.9431731
1.2511238
1.5161029
1.2014406
1.7276244
1.6251493
1.6035813
1.7075944
1.4188988
1.8411568
1.7103361
1.3951597
1.4139456
1.4606583
2.3030474
1.5144058
1.3159264
1.4090967
1.4955415
1.9652889
1.4710562
1.2130003
1.4778996
1.6859001
1.8253343
1.238634
1.517195
1.5077873
1.4235685
0.9904031
1.4494131
1.7092258
1.4085428
1.1883464
1.215672
1.2171569
1.285413
1.3710908
1.3819872
1.5322272
1.4048539
1.6931349
1.4309039
1.1579928
1.4234257
1.0539199
1.2279289
1.3949487
1.7630913
1.4577162
2.2660677
1.6656911
1.5789866
1.4322617
1.3656384
1.8270075
1.2482275
1.7675011
1.5288894
1.4312938
1.747796
1.4193875
1.5461262
1.9671022
1.4525985
1.4396592
1.2303561
1.405883
1.7241291
1.1727436
1.1958432
1.243304
1.7661052
1.5485003
1.652264
1.2476614
1.5977652
1.4204398
1.7898746
1.326202
1.6295962
1.4321076
1.7054421
1.2979345
1.3284006
1.3988844
1.6799895
1.476617
1.2096133
1.3012333
1.7659179
1.4105101
1.3567255
1.4252837
1.7379009
1.4505143
2.2898483
1.3918124
1.4018257
0.97221065
1.7462151
1.4915967
1.422259
1.7523519
1.412139
1.0716016
1.1632144
1.6448774
1.2928069
1.2983061
1.5071657
1.3581537
1.3324246
1.774951
1.7434369
1.3156629
1.4837776
1.5750012
1.2762221
1.3151832
1.3954939
1.3961349
1.2714574
1.2593262
1.4226089
1.2152634
1.3837627
1.5655334
1.5386698
0.9432984
1.7901905
1.2320222
1.7193028
1.5680333
1.4904222
1.5607876
1.3354435
1.5014619
1.3471307
1.2547922
1.3718537
1.3789248
1.6805567
1.3040006
1.1431583
1.1744825
1.3078502
1.2167462
1.9688196
1.4714303
1.1622252
1.4950868
1.8337913
1.4544005
1.464914
1.2054006
1.6349698
1.9123526
1.9148605
1.3318379
1.7841433
1.6383508
1.9319861
1.4954166
1.2399195
1.2756687
2.3255794
1.6997966
0.9995275
1.3553605
1.1533637
1.5641332
1.8660821
1.6775585
1.6927003
1.501484
1.2429599
1.4385803
1.1944703
1.3260165
1.8351927
1.6738509
1.3709247
1.8424039
1.5150826
1.532661
1.5439839
1.6436155
1.6360791
1.4250499
1.554008
1.7256098
1.3946981
1.4514894
1.3393836
1.7178952
1.488974
1.7797073
1.4084238
1.6249804
1.2713481
1.6685866
1.5648066
1.4857411
1.2990236
1.2936869
1.7499276
1.7614433
1.2535694
1.1868924
1.4158125
1.3415984
1.1787206
1.2020738
1.4130265
1.3539304
1.3240921
1.3842216
1.5349557
1.686979
1.6793351
1.5447106
1.1613034
1.2068484
1.5248904
1.6073091
1.464903
1.3845323
1.37922
1.4516447
1.3739812
1.4808958
0.9617504
1.6779749
1.3701073
1.4601365
1.4829448
1.1941651
1.5137746
1.5738858
1.7085
1.5896484
1.4784241
1.4957962
1.36234
1.7773799
1.8719187
1.5337193
1.818047
1.6081446
1.3454401
1.4100082
1.4860661
2.4194913
1.203715
1.6166288
1.7808053
1.2934757
1.759606
1.828772
1.6875498
1.662096
1.7350091
1.690239
1.6861728
1.750898
1.3519841
1.2199446
1.5730752
1.5933777
1.2876793
1.5533986
1.1561759
1.5691375
1.3419906
1.7335668
1.2702037
1.4603409
1.5940194
1.5450288
0.9541955
1.4319384
2.3288155
1.3496494
1.3661703
1.4763571
1.5115701
1.5757862
1.4205875
1.2647722
1.3535773
1.5676376
1.5979414
1.7346361
1.4025577
1.4963504
1.1520817
1.1642588
1.2915565
1.5532782
1.9553267
1.5609281
2.0242267
1.531623
1.3138303
1.2058868
1.4158465
1.7023572
1.2959515
1.5423603
1.2882166
1.4932395
1.7364271
1.538736
0.92091024
1.3263353
1.4645422
0.93216056
1.2922174
1.4482828
2.2853491
1.3886566
1.4384123
1.4065608
1.5980693
1.5998527
1.3670467
1.4094517
1.9532983
1.42455
1.3694347
1.6695589
1.4160273
1.3985639
1.2996453
1.3648697
1.1614871
1.7544501
1.4143231
1.475258
1.214622
1.6908478
1.548839
1.2502869
1.35408
1.4388852
1.2270931
1.2298589
1.3036627
1.4330242
1.5956116
1.5842681
1.6198052
1.2830117
1.652227
1.2824455
1.7657597
1.5369772
1.8972788
1.500571
1.405187
1.2943609
1.5878073
1.9864326
1.4193314
1.4482236
1.5123348
1.572087
1.7177956
1.298192
1.2338187
1.3193468
1.6359977
1.7369908
1.3383077
1.2628424
1.6092012
1.9933907
1.4986823
1.440968
1.679378
1.3877561
1.3933781
1.5449044
0.92403924
1.7271706
1.3902271
1.4374938
1.3600854
1.3323278
1.5471146
1.3305873
1.2096987
1.58253
1.5779537
1.5768399
1.3456035
1.5557657
1.6284775
1.4248564
1.5297712
2.0031896
1.358325
1.3308003
1.4284785
1.7784406
1.198161
1.7162541
1.2387638
1.6145384
1.4589702
1.4247396
1.6592572
1.4536712
0.9384389
1.419611
1.2984198
1.6031889
1.723167
1.3834507
1.5328144
2.0001788
1.5289599
1.5623
0.95318836
1.3342338
1.4118038
1.5053728
1.6101571
1.9929084
1.5646441
1.3972702
1.3776555
1.3390763
1.3858148
1.3457063
1.2705005
1.5105188
1.5831894
1.9923414
1.7475122
1.5140439
1.2136005
1.2902397
1.4438627
2.304814
1.375093
1.7044259
1.459107
1.420233
1.4348534
1.342969
1.6039224
1.5200132
1.3879833
1.3649803
1.7486421
1.1809481
1.4106463
1.355225
1.288222
1.3189383
1.3951054
1.2273982
1.7195375
1.4546999
1.4071871
1.636235
1.3197902
1.5800396
1.5569924
1.4457585
2.2542493
1.1897224
1.1900307
1.4899571
1.1737412
1.3173933
1.185635
1.2892346
1.5818034
1.9977833
1.5144665
2.2216382
1.4981092
1.4738126
1.3262063
1.5263156
1.8328027
1.4530305
1.6294582
1.4749683
1.8280747
1.7352011
1.4380649
1.4537898
1.5019828
1.3724834
1.4042786
1.361863
1.7253344
1.5730197
0.91927767
1.2966187
1.4704716
0.9513872
1.2195047
1.4026182
1.4001797
1.3410614
1.1934803
1.6134036
1.4560688
1.0454713
1.2086526
1.6477388
1.8171587
1.9047542
1.2621477
1.7209274
1.7386227
1.5325508
1.0871279
1.6570952
1.5519462
1.5286562
1.6457907
1.8548795
1.6035036
1.3862971
1.6729823
